0 12
1 18
2 6462
3 6532
4 3385
5 3247
6 28
7 28
8 8403
9 8302
10 23
11 19
12 53
13 58
14 7531
15 7402
16 6480
17 6261
18 17
19 16
20 60
21 56
22 6882
23 6646
24 28
25 38
26 9248
27 9313
28 8945
29 8777
30 31
31 32
32 7463
33 7376
34 24
35 16
36 37
37 35
38 7857
39 7926
40 50
41 42
42 6969
43 6972
44 7068
45 6900
46 12
47 10
48 28
49 36
50 6504
51 6734
52 6520
53 6510
54 22
55 12
56 5961
57 6086
58 17
59 26
60 22
61 23
62 5580
63 5665
64 20633
65 20757
66 14
67 13
68 31
69 29
70 19433
71 19050
72 13
73 21
74 13751
75 13666
76 12839
77 12727
78 16
79 21
80 22
81 15
82 19426
83 19423
84 18197
85 18226
86 16
87 17
88 12801
89 12632
90 9
91 7
92 11
93 11
94 11867
95 11858
96 28
97 25
98 11735
99 11701
100 10795
101 10927
102 18
103 15
104 8060
105 8091
106 10
107 8
108 16
109 15
110 7502
111 7570
112 10080
113 10137
114 14
115 17
116 34
117 35
118 9162
119 8997
120 15
121 15
122 6677
123 6701
124 6163
125 6274
126 15
127 9
128 19095
129 18944
130 7
131 8
132 13
133 19
134 17275
135 17116
136 13
137 16
138 11809
139 11873
140 10402
141 10683
142 7
143 4
144 19
145 20
146 15615
147 15500
148 14200
149 14123
150 11
151 6
152 9579
153 9586
154 11
155 10
156 19
157 21
158 8521
159 8405
160 25
161 18
162 7439
163 7515
164 6528
165 6615
166 9
167 6
168 5092
169 5164
170 5
171 4
172 14
173 9
174 4467
175 4473
176 6283
177 6342
178 14
179 11
180 25
181 15
182 5316
183 5323
184 11
185 5
186 4178
187 4234
188 3706
189 3782
190 2
191 2
192 10
193 10
194 2012
195 2008
196 1865
197 1797
198 3
199 6
200 1662
201 1713
202 3
203 3
204 3
205 5
206 1596
207 1562
208 1916
209 1982
210 3
211 4
212 10
213 11
214 1748
215 1737
216 6
217 2
218 1674
219 1597
220 1479
221 1463
222 1
223 3
224 1322
225 1340
226 2
227 2
228 4
229 4
230 1303
231 1257
232 3
233 3
234 1233
235 1201
236 1199
237 1182
238 3
239 3
240 5
241 9
242 1340
243 1262
244 1204
245 1198
246 4
247 2
248 1166
249 1179
250 3
251 2
252 3
253 1
254 1119
255 1116
256 25007
257 23014
258 0
259 0
260 8
261 11
262 8795
263 8369
264 1
265 1
266 4574
267 4476
268 1109
269 1120
270 0
271 0
272 3
273 6
274 1292
275 1284
276 286
277 282
278 1
279 4
280 115
281 116
282 0
283 0
284 0
285 0
286 54
287 41
288 0
289 2
290 88
291 73
292 17
293 23
294 0
295 0
296 9
297 2
298 0
299 0
300 0
301 0
302 3
303 3
304 4
305 2
306 0
307 0
308 0
309 0
310 0
311 2
