0 12
1 18
2 6420837
3 6416923
4 3259009
5 3211940
6 28
7 28
8 8278433
9 8268027
10 23
11 19
12 53
13 58
14 7526958
15 7501722
16 6482038
17 6395435
18 17
19 16
20 60
21 56
22 6908722
23 6831913
24 28
25 38
26 9538620
27 9498246
28 9269685
29 9229100
30 31
31 32
32 7313569
33 7255886
34 24
35 16
36 37
37 35
38 7788560
39 7787390
40 50
41 42
42 6863853
43 6847254
44 6945223
45 6935081
46 12
47 10
48 28
49 36
50 6863316
51 6866494
52 6605367
53 6611805
54 22
55 12
56 6202700
57 6193612
58 17
59 26
60 22
61 23
62 5791753
63 5786838
64 21451893
65 21453841
66 14
67 13
68 31
69 29
70 20080991
71 20083445
72 13
73 21
74 14280037
75 14278588
76 13279219
77 13284334
78 16
79 21
80 22
81 15
82 19946705
83 19952274
84 18537284
85 18540612
86 16
87 17
88 13123866
89 13125605
90 9
91 7
92 11
93 11
94 12176876
95 12170287
96 28
97 25
98 12374696
99 12376215
100 11636813
101 11641324
102 18
103 15
104 8389697
105 8388534
106 10
107 8
108 16
109 15
110 7840587
111 7842445
112 10060817
113 10070501
114 14
115 17
116 34
117 35
118 9275723
119 9279833
120 15
121 15
122 6763504
123 6759968
124 6394435
125 6399333
126 15
127 9
128 19716086
129 19727156
130 7
131 8
132 13
133 19
134 17856454
135 17862193
136 13
137 16
138 12235130
139 12242717
140 10982438
141 10981923
142 7
143 4
144 19
145 20
146 16177429
147 16172615
148 14730924
149 14737104
150 11
151 6
152 9824841
153 9824141
154 11
155 10
156 19
157 21
158 8854904
159 8850670
160 25
161 18
162 7593778
163 7593126
164 6684416
165 6685979
166 9
167 6
168 5115942
169 5121724
170 5
171 4
172 14
173 9
174 4602706
175 4601933
176 6470352
177 6472921
178 14
179 11
180 25
181 15
182 5604358
183 5603177
184 11
185 5
186 4256439
187 4257754
188 3800573
189 3804800
190 2
191 2
192 10
193 10
194 2087111
195 2086809
196 1901136
197 1903302
198 3
199 6
200 1786991
201 1791147
202 3
203 3
204 3
205 5
206 1645132
207 1643758
208 1894584
209 1896109
210 3
211 4
212 10
213 11
214 1664771
215 1664552
216 6
217 2
218 1606683
219 1602856
220 1456018
221 1458183
222 1
223 3
224 1442026
225 1444899
226 2
227 2
228 4
229 4
230 1339717
231 1337513
232 3
233 3
234 1314099
235 1314612
236 1205829
237 1204769
238 3
239 3
240 5
241 9
242 1262841
243 1262884
244 1175425
245 1177311
246 4
247 2
248 1159290
249 1160133
250 3
251 2
252 3
253 1
254 1091668
255 1092868
256 25718829
257 23448323
258 0
259 0
260 8
261 11
262 8882850
263 8726844
264 1
265 1
266 4582445
267 4439892
268 1175045
269 1144870
270 0
271 0
272 3
273 6
274 1304442
275 1268289
276 260160
277 252906
278 1
279 4
280 103958
281 100640
282 0
283 0
284 0
285 0
286 40169
287 40380
288 0
289 2
290 61648
291 60141
292 14055
293 13562
294 0
295 0
296 3275
297 3278
298 0
299 0
300 0
301 0
302 2779
303 2683
304 2929
305 2598
306 0
307 0
308 0
309 0
310 1213
311 989
312 0
313 0
314 482
315 405
316 297
317 208
318 0
319 0
320 0
321 0
322 274
323 206
324 80
325 93
326 0
327 0
328 55
329 58
330 0
331 0
332 0
333 0
334 33
335 24
336 13
337 14
338 0
339 0
340 0
341 0
342 4
343 5
344 0
345 0
346 5
347 7
348 4
349 3
350 0
351 0
352 2
353 0
354 0
355 0
356 0
357 0
358 1
359 1
360 0
361 0
362 0
363 1
364 0
365 1
