0 12
1 18
2 910
3 939
4 544
5 525
6 28
7 28
8 1119
9 1014
10 23
11 19
12 53
13 58
14 937
15 906
16 1076
17 1058
18 17
19 16
20 60
21 56
22 933
23 979
24 28
25 38
26 1178
27 1218
28 1113
29 1126
30 31
31 32
32 906
33 910
34 24
35 16
36 37
37 35
38 983
39 1032
40 50
41 42
42 872
43 896
44 954
45 923
46 12
47 10
48 28
49 36
50 799
51 872
52 848
53 809
54 22
55 12
56 716
57 732
58 17
59 26
60 22
61 23
62 733
63 734
64 2517
65 2473
66 14
67 13
68 31
69 29
70 2255
71 2239
72 13
73 21
74 1621
75 1686
76 1579
77 1533
78 16
79 21
80 22
81 15
82 2133
83 2044
84 1949
85 1997
86 16
87 17
88 1463
89 1449
90 9
91 7
92 11
93 11
94 1315
95 1343
96 28
97 25
98 1393
99 1397
100 1335
101 1299
102 18
103 15
104 1024
105 954
106 10
107 8
108 16
109 15
110 979
111 924
112 1232
113 1220
114 14
115 17
116 34
117 35
118 1113
119 1138
120 15
121 15
122 840
123 795
124 779
125 790
126 15
127 9
128 2203
129 2119
130 7
131 8
132 13
133 19
134 1937
135 1894
136 13
137 16
138 1435
139 1438
140 1257
141 1275
142 7
143 4
144 19
145 20
146 1931
147 1871
148 1707
149 1704
150 11
151 6
152 1192
153 1136
154 11
155 10
156 19
157 21
158 1084
159 1046
160 25
161 18
162 983
163 979
164 883
165 860
166 9
167 6
168 651
169 646
170 5
171 4
172 14
173 9
174 578
175 586
176 771
177 782
178 14
179 11
180 25
181 15
182 632
183 678
184 11
185 5
186 558
187 536
188 473
189 465
190 2
191 2
192 10
193 10
194 312
195 349
196 303
197 302
198 3
199 6
200 267
201 252
202 3
203 3
204 3
205 5
206 242
207 248
208 279
209 291
210 3
211 4
212 10
213 11
214 252
215 265
216 6
217 2
218 204
219 203
220 188
221 210
222 1
223 3
224 193
225 190
226 2
227 2
228 4
229 4
230 193
231 170
232 3
233 3
234 145
235 157
236 156
237 168
238 3
239 3
240 5
241 9
242 181
243 155
244 147
245 156
246 4
247 2
248 151
249 135
250 3
251 2
252 3
253 1
254 141
255 143
256 2936
257 2840
258 0
259 0
260 8
261 11
262 1109
263 956
264 1
265 1
266 615
267 573
268 165
269 164
270 0
271 0
272 3
273 6
274 174
275 161
276 40
277 45
278 1
279 4
280 27
281 17
282 0
283 0
284 0
285 0
286 10
287 5
288 0
289 2
290 21
291 13
292 7
293 8
294 0
295 0
296 6
297 0
298 0
299 0
300 0
301 0
302 2
303 0
304 1
305 0
306 0
307 0
308 0
309 0
310 0
311 1
