0 12
1 18
2 801867
3 802192
4 407889
5 401980
6 28
7 28
8 1033351
9 1030948
10 23
11 19
12 53
13 58
14 940696
15 937383
16 811943
17 800184
18 17
19 16
20 60
21 56
22 865602
23 855908
24 28
25 38
26 1193375
27 1185501
28 1157681
29 1153771
30 31
31 32
32 914991
33 908974
34 24
35 16
36 37
37 35
38 975045
39 975468
40 50
41 42
42 859958
43 856733
44 867958
45 867223
46 12
47 10
48 28
49 36
50 856078
51 856361
52 822759
53 826160
54 22
55 12
56 773795
57 772638
58 17
59 26
60 22
61 23
62 722683
63 722750
64 2679800
65 2681293
66 14
67 13
68 31
69 29
70 2506150
71 2506655
72 13
73 21
74 1782002
75 1781567
76 1658063
77 1659849
78 16
79 21
80 22
81 15
82 2499797
83 2499155
84 2321703
85 2321015
86 16
87 17
88 1643448
89 1643255
90 9
91 7
92 11
93 11
94 1525774
95 1523802
96 28
97 25
98 1550171
99 1547171
100 1455497
101 1456359
102 18
103 15
104 1048644
105 1048556
106 10
107 8
108 16
109 15
110 980897
111 981578
112 1257188
113 1258382
114 14
115 17
116 34
117 35
118 1158083
119 1157983
120 15
121 15
122 843559
123 843905
124 800390
125 800180
126 15
127 9
128 2463500
129 2464374
130 7
131 8
132 13
133 19
134 2231880
135 2231328
136 13
137 16
138 1530450
139 1529187
140 1370486
141 1374746
142 7
143 4
144 19
145 20
146 2024630
147 2021833
148 1843145
149 1843693
150 11
151 6
152 1230606
153 1230321
154 11
155 10
156 19
157 21
158 1106483
159 1105722
160 25
161 18
162 949532
163 949174
164 835481
165 836275
166 9
167 6
168 639796
169 639513
170 5
171 4
172 14
173 9
174 575117
175 573533
176 808897
177 808782
178 14
179 11
180 25
181 15
182 701197
183 699495
184 11
185 5
186 530771
187 531582
188 476155
189 475452
190 2
191 2
192 10
193 10
194 260251
195 259949
196 237256
197 237447
198 3
199 6
200 223042
201 222875
202 3
203 3
204 3
205 5
206 205501
207 205353
208 237125
209 237510
210 3
211 4
212 10
213 11
214 207826
215 208345
216 6
217 2
218 201050
219 201075
220 181927
221 181891
222 1
223 3
224 179760
225 180430
226 2
227 2
228 4
229 4
230 167605
231 167228
232 3
233 3
234 164335
235 164460
236 150355
237 150332
238 3
239 3
240 5
241 9
242 158029
243 157995
244 147396
245 147851
246 4
247 2
248 144479
249 144726
250 3
251 2
252 3
253 1
254 136988
255 137697
256 3213398
257 2927052
258 0
259 0
260 8
261 11
262 1110141
263 1089459
264 1
265 1
266 571021
267 553451
268 146468
269 143237
270 0
271 0
272 3
273 6
274 161196
275 157085
276 32639
277 31576
278 1
279 4
280 12971
281 12386
282 0
283 0
284 0
285 0
286 4972
287 5001
288 0
289 2
290 7454
291 7467
292 1603
293 1656
294 0
295 0
296 392
297 390
298 0
299 0
300 0
301 0
302 311
303 300
304 353
305 321
306 0
307 0
308 0
309 0
310 141
311 123
312 0
313 0
314 59
315 51
316 28
317 13
318 0
319 0
320 0
321 0
322 19
323 13
324 1
325 0
326 0
327 0
328 1
329 0
330 0
331 0
332 0
333 0
334 1
335 0
336 0
337 0
338 0
339 0
340 0
341 0
342 0
343 0
344 0
345 0
346 0
347 1
