0 12
1 18
2 821718458
3 821657208
4 417091722
5 411002213
6 28
7 28
8 1059399242
9 1058153930
10 23
11 19
12 53
13 58
14 962587172
15 959876107
16 829908056
17 818827766
18 17
19 16
20 60
21 56
22 884238322
23 874566954
24 28
25 38
26 1221083999
27 1216258566
28 1187172818
29 1182094448
30 31
31 32
32 936317700
33 928152346
34 24
35 16
36 37
37 35
38 997101180
39 997423099
40 50
41 42
42 878853823
43 876520529
44 889274597
45 887948590
46 12
47 10
48 28
49 36
50 878321112
51 879415691
52 845242058
53 846273525
54 22
55 12
56 793849359
57 793092878
58 17
59 26
60 22
61 23
62 741883543
63 741291534
64 2744379309
65 2745362617
66 14
67 13
68 31
69 29
70 2570634062
71 2570884678
72 13
73 21
74 1827672163
75 1827589566
76 1699261490
77 1699430387
78 16
79 21
80 22
81 15
82 2552469061
83 2553262094
84 2371083780
85 2371771367
86 16
87 17
88 1680961267
89 1680499315
90 9
91 7
92 11
93 11
94 1558487688
95 1558057514
96 28
97 25
98 1585513058
99 1585566270
100 1490327984
101 1490819244
102 18
103 15
104 1073944442
105 1074044906
106 10
107 8
108 16
109 15
110 1004001834
111 1003868660
112 1287651840
113 1288167754
114 14
115 17
116 34
117 35
118 1187083881
119 1187224806
120 15
121 15
122 864947122
123 865004266
124 818096340
125 818196244
126 15
127 9
128 2522666425
129 2523876100
130 7
131 8
132 13
133 19
134 2285924518
135 2285962120
136 13
137 16
138 1566841398
139 1566720750
140 1405523441
141 1405613171
142 7
143 4
144 19
145 20
146 2070251183
147 2070836440
148 1886522643
149 1886796036
150 11
151 6
152 1257835341
153 1257774183
154 11
155 10
156 19
157 21
158 1133852208
159 1133851608
160 25
161 18
162 971747710
163 971853095
164 855750223
165 856022586
166 9
167 6
168 655309543
169 655596019
170 5
171 4
172 14
173 9
174 589295113
175 589303492
176 827947812
177 828093894
178 14
179 11
180 25
181 15
182 716850843
183 717008843
184 11
185 5
186 544840779
187 545026990
188 486773403
189 486985932
190 2
191 2
192 10
193 10
194 267394188
195 267412322
196 243468424
197 243432104
198 3
199 6
200 229052053
201 229026101
202 3
203 3
204 3
205 5
206 210498868
207 210475833
208 242417445
209 242464749
210 3
211 4
212 10
213 11
214 212806209
215 212857221
216 6
217 2
218 205331695
219 205350996
220 186422712
221 186365853
222 1
223 3
224 185066059
225 185074627
226 2
227 2
228 4
229 4
230 171597018
231 171630214
232 3
233 3
234 168173866
235 168216024
236 154244028
237 154267746
238 3
239 3
240 5
241 9
242 161430219
243 161452170
244 150335641
245 150336101
246 4
247 2
248 148412125
249 148410057
250 3
251 2
252 3
253 1
254 139720947
255 139737910
256 3292643816
257 3002152026
258 0
259 0
260 8
261 11
262 1136639607
263 1117333278
264 1
265 1
266 586501839
267 568517835
268 150176275
269 146533368
270 0
271 0
272 3
273 6
274 167110017
275 162197747
276 33244795
277 32321956
278 1
279 4
280 13324448
281 12900771
282 0
283 0
284 0
285 0
286 5157793
287 5139736
288 0
289 2
290 7918153
291 7761813
292 1798445
293 1738093
294 0
295 0
296 428694
297 426957
298 0
299 0
300 0
301 0
302 368608
303 339672
304 375701
305 339934
306 0
307 0
308 0
309 0
310 149671
311 127251
312 0
313 0
314 60919
315 50898
316 38830
317 29426
318 0
319 0
320 0
321 0
322 30173
323 28877
324 10406
325 10338
326 0
327 0
328 6076
329 5505
330 0
331 0
332 0
333 0
334 2808
335 2717
336 1560
337 1637
338 0
339 0
340 0
341 0
342 808
343 808
344 0
345 0
346 593
347 587
348 288
349 265
350 0
351 0
352 143
353 141
354 0
355 0
356 0
357 0
358 106
359 87
360 0
361 0
362 45
363 77
364 26
365 23
366 0
367 0
368 0
369 0
370 4
371 8
372 5
373 7
374 0
375 0
376 8
377 2
378 0
379 0
380 0
381 0
382 4
383 1
384 0
385 0
386 5
387 1
388 1
389 1
390 0
391 0
392 2
