0 12
1 18
2 206
3 212
4 133
5 133
6 28
7 28
8 204
9 181
10 23
11 19
12 53
13 58
14 152
15 133
16 293
17 273
18 17
19 16
20 60
21 56
22 160
23 167
24 28
25 38
26 212
27 213
28 159
29 153
30 31
31 32
32 151
33 150
34 24
35 16
36 37
37 35
38 169
39 181
40 50
41 42
42 129
43 140
44 175
45 169
46 12
47 10
48 28
49 36
50 101
51 100
52 124
53 124
54 22
55 12
56 93
57 95
58 17
59 26
60 22
61 23
62 125
63 99
64 302
65 282
66 14
67 13
68 31
69 29
70 244
71 238
72 13
73 21
74 206
75 185
76 182
77 184
78 15
79 21
80 22
81 15
82 242
83 253
84 209
85 236
86 16
87 17
88 173
89 168
90 9
91 7
92 11
93 11
94 117
95 134
96 28
97 24
98 146
99 151
100 145
101 134
102 18
103 15
104 141
105 94
106 10
107 8
108 16
109 14
110 106
111 100
112 127
113 108
114 14
115 17
116 34
117 35
118 103
119 95
120 15
121 15
122 86
123 72
124 57
125 74
126 15
127 9
128 204
129 189
130 7
131 8
132 13
133 19
134 182
135 178
136 13
137 16
138 122
139 113
140 111
141 114
142 7
143 4
144 19
145 20
146 137
147 157
148 139
149 145
150 10
151 6
152 113
153 109
154 11
155 10
156 18
157 21
158 103
159 108
160 24
161 18
162 66
163 86
164 74
165 78
166 9
167 6
168 44
169 57
170 5
171 4
172 14
173 9
174 47
175 59
176 48
177 61
178 14
179 11
180 25
181 15
182 46
183 56
184 11
185 5
186 39
187 38
188 38
189 41
190 2
191 2
192 9
193 10
194 57
195 57
196 53
197 50
198 3
199 6
200 36
201 34
202 3
203 3
204 2
205 5
206 29
207 29
208 56
209 59
210 3
211 4
212 9
213 9
214 47
215 54
216 4
217 2
218 27
219 29
220 27
221 35
222 1
223 3
224 18
225 19
226 2
227 1
228 3
229 3
230 18
231 20
232 2
233 3
234 10
235 12
236 14
237 12
238 2
239 2
240 5
241 8
242 15
243 10
244 14
245 14
246 4
247 2
248 9
249 12
250 3
251 2
252 2
253 1
254 9
255 9
256 87
257 56
258 0
259 0
260 0
261 6
262 17
263 17
264 0
265 1
266 7
267 8
268 0
269 2
270 0
271 0
272 0
273 0
274 0
275 4
276 1
277 0
278 0
279 0
280 1
