0 12
1 18
2 100304
3 100589
4 51485
5 50187
6 28
7 28
8 128599
9 128664
10 23
11 19
12 53
13 58
14 117497
15 116658
16 101879
17 99984
18 17
19 16
20 60
21 56
22 107985
23 106803
24 28
25 38
26 148874
27 147803
28 144695
29 143882
30 31
31 32
32 113634
33 113929
34 24
35 16
36 37
37 35
38 122102
39 121628
40 50
41 42
42 107008
43 106963
44 108874
45 108431
46 12
47 10
48 28
49 36
50 106205
51 106531
52 102229
53 102535
54 22
55 12
56 96737
57 96536
58 17
59 26
60 22
61 23
62 90011
63 89933
64 335965
65 335192
66 14
67 13
68 31
69 29
70 314115
71 314086
72 13
73 21
74 222249
75 223405
76 207051
77 206689
78 16
79 21
80 22
81 15
82 312603
83 312698
84 290266
85 290897
86 16
87 17
88 205995
89 205125
90 9
91 7
92 11
93 11
94 190421
95 190077
96 28
97 25
98 193671
99 193178
100 181597
101 182284
102 18
103 15
104 130966
105 130865
106 10
107 8
108 16
109 15
110 122560
111 123021
112 157837
113 157304
114 14
115 17
116 34
117 35
118 145481
119 143982
120 15
121 15
122 105779
123 105397
124 99938
125 99886
126 15
127 9
128 307394
129 307672
130 7
131 8
132 13
133 19
134 278396
135 278545
136 13
137 16
138 191205
139 190818
140 170835
141 171542
142 7
143 4
144 19
145 20
146 254340
147 254524
148 230999
149 232269
150 11
151 6
152 154553
153 155021
154 11
155 10
156 19
157 21
158 138707
159 139195
160 25
161 18
162 118705
163 118424
164 104102
165 105336
166 9
167 6
168 80237
169 79981
170 5
171 4
172 14
173 9
174 72034
175 72242
176 101161
177 101276
178 14
179 11
180 25
181 15
182 87395
183 86862
184 11
185 5
186 66452
187 66840
188 59770
189 59567
190 2
191 2
192 10
193 10
194 32740
195 32638
196 29824
197 29593
198 3
199 6
200 27931
201 27715
202 3
203 3
204 3
205 5
206 25744
207 25531
208 29470
209 29481
210 3
211 4
212 10
213 11
214 25842
215 25923
216 6
217 2
218 24778
219 24922
220 22626
221 22392
222 1
223 3
224 22155
225 22372
226 2
227 2
228 4
229 4
230 20968
231 20928
232 3
233 3
234 20636
235 20589
236 18540
237 19063
238 3
239 3
240 5
241 9
242 19651
243 19585
244 18200
245 18596
246 4
247 2
248 17964
249 18140
250 3
251 2
252 3
253 1
254 17089
255 17333
256 401176
257 364327
258 0
259 0
260 8
261 11
262 138409
263 135114
264 1
265 1
266 71188
267 69089
268 18150
269 17880
270 0
271 0
272 3
273 6
274 20130
275 19643
276 4017
277 3882
278 1
279 4
280 1630
281 1603
282 0
283 0
284 0
285 0
286 625
287 662
288 0
289 2
290 923
291 903
292 208
293 202
294 0
295 0
296 51
297 43
298 0
299 0
300 0
301 0
302 43
303 30
304 38
305 37
306 0
307 0
308 0
309 0
310 19
311 22
312 0
313 0
314 6
315 7
316 3
317 1
318 0
319 0
320 0
321 0
322 5
323 2
