0 12
1 18
2 102714130
3 102694573
4 52137787
5 51375337
6 28
7 28
8 132418875
9 132270095
10 23
11 19
12 53
13 58
14 120315207
15 119977269
16 103746811
17 102355768
18 17
19 16
20 60
21 56
22 110551783
23 109310475
24 28
25 38
26 152620921
27 152020588
28 148397349
29 147732359
30 31
31 32
32 117030644
33 116015024
34 24
35 16
36 37
37 35
38 124636866
39 124673482
40 50
41 42
42 109865917
43 109574839
44 111148131
45 110993705
46 12
47 10
48 28
49 36
50 109784196
51 109914773
52 105639986
53 105760435
54 22
55 12
56 99225707
57 99143270
58 17
59 26
60 22
61 23
62 92725305
63 92659525
64 343035981
65 343179511
66 14
67 13
68 31
69 29
70 321285537
71 321352437
72 13
73 21
74 228452303
75 228440680
76 212382554
77 212412707
78 16
79 21
80 22
81 15
82 319069387
83 319191253
84 296409669
85 296506907
86 16
87 17
88 210132741
89 210070161
90 9
91 7
92 11
93 11
94 194822533
95 194764457
96 28
97 25
98 198170871
99 198179532
100 186293152
101 186354148
102 18
103 15
104 134252373
105 134240667
106 10
107 8
108 16
109 15
110 125482832
111 125471439
112 160971962
113 161064682
114 14
115 17
116 34
117 35
118 148375641
119 148406537
120 15
121 15
122 108142832
123 108126773
124 102263579
125 102283000
126 15
127 9
128 315333964
129 315474850
130 7
131 8
132 13
133 19
134 285750677
135 285767770
136 13
137 16
138 195851960
139 195847017
140 175686978
141 175698004
142 7
143 4
144 19
145 20
146 258839947
147 258867158
148 235857830
149 235903457
150 11
151 6
152 157245450
153 157207848
154 11
155 10
156 19
157 21
158 141729632
159 141725605
160 25
161 18
162 121482069
163 121483443
164 106966515
165 107004144
166 9
167 6
168 81904578
169 81939799
170 5
171 4
172 14
173 9
174 73656477
175 73657336
176 103482586
177 103508251
178 14
179 11
180 25
181 15
182 89616944
183 89625344
184 11
185 5
186 68113389
187 68133950
188 60848081
189 60865781
190 2
191 2
192 10
193 10
194 33408685
195 33413307
196 30436040
197 30420783
198 3
199 6
200 28629003
201 28618420
202 3
203 3
204 3
205 5
206 26321208
207 26301752
208 30300481
209 30312253
210 3
211 4
212 10
213 11
214 26603567
215 26608547
216 6
217 2
218 25665062
219 25662079
220 23302455
221 23294634
222 1
223 3
224 23130339
225 23124307
226 2
227 2
228 4
229 4
230 21442053
231 21450609
232 3
233 3
234 21025221
235 21026353
236 19277026
237 19278065
238 3
239 3
240 5
241 9
242 20179108
243 20180460
244 18789043
245 18789699
246 4
247 2
248 18551172
249 18556764
250 3
251 2
252 3
253 1
254 17461055
255 17472271
256 411566316
257 375263712
258 0
259 0
260 8
261 11
262 142077974
263 139666343
264 1
265 1
266 73311728
267 71064559
268 18777237
269 18319032
270 0
271 0
272 3
273 6
274 20887563
275 20280032
276 4159402
277 4041360
278 1
279 4
280 1665443
281 1612083
282 0
283 0
284 0
285 0
286 644674
287 641494
288 0
289 2
290 990922
291 970766
292 225036
293 217627
294 0
295 0
296 53547
297 53142
298 0
299 0
300 0
301 0
302 46017
303 42777
304 46877
305 42346
306 0
307 0
308 0
309 0
310 18738
311 15910
312 0
313 0
314 7553
315 6458
316 4900
317 3598
318 0
319 0
320 0
321 0
322 3806
323 3679
324 1341
325 1330
326 0
327 0
328 777
329 779
330 0
331 0
332 0
333 0
334 363
335 337
336 192
337 199
338 0
339 0
340 0
341 0
342 121
343 109
344 0
345 0
346 78
347 76
348 43
349 29
350 0
351 0
352 16
353 19
354 0
355 0
356 0
357 0
358 14
359 15
360 0
361 0
362 7
363 10
364 5
365 3
366 0
367 0
368 0
369 0
370 0
371 1
372 2
373 1
374 0
375 0
376 2
377 0
378 0
379 0
380 0
381 0
382 2
383 0
384 0
385 0
386 1
