0 12
1 18
2 12461
3 12594
4 6499
5 6161
6 28
7 28
8 16238
9 16278
10 23
11 19
12 53
13 58
14 14774
15 14511
16 12892
17 12398
18 17
19 16
20 60
21 56
22 13588
23 13217
24 28
25 38
26 18385
27 18544
28 17972
29 17710
30 31
31 32
32 14677
33 14371
34 24
35 16
36 37
37 35
38 15433
39 15628
40 50
41 42
42 13582
43 13625
44 13859
45 13568
46 12
47 10
48 28
49 36
50 12951
51 13193
52 12619
53 12764
54 22
55 12
56 11768
57 11983
58 17
59 26
60 22
61 23
62 11314
63 11297
64 41745
65 41657
66 14
67 13
68 31
69 29
70 39203
71 38725
72 13
73 21
74 27743
75 27500
76 25792
77 25497
78 16
79 21
80 22
81 15
82 39518
83 39594
84 36627
85 36842
86 16
87 17
88 25982
89 25649
90 9
91 7
92 11
93 11
94 23830
95 24009
96 28
97 25
98 23974
99 24131
100 22244
101 22606
102 18
103 15
104 16382
105 16470
106 10
107 8
108 16
109 15
110 15351
111 15532
112 19853
113 19848
114 14
115 17
116 34
117 35
118 18208
119 17863
120 15
121 15
122 13331
123 13172
124 12308
125 12412
126 15
127 9
128 38344
129 38378
130 7
131 8
132 13
133 19
134 34832
135 34565
136 13
137 16
138 23722
139 23755
140 20860
141 21192
142 7
143 4
144 19
145 20
146 31675
147 31591
148 28690
149 28724
150 11
151 6
152 19371
153 19359
154 11
155 10
156 19
157 21
158 17226
159 17277
160 25
161 18
162 14676
163 14746
164 12982
165 13118
166 9
167 6
168 9990
169 10105
170 5
171 4
172 14
173 9
174 8902
175 8979
176 12553
177 12744
178 14
179 11
180 25
181 15
182 10844
183 10759
184 11
185 5
186 8362
187 8417
188 7458
189 7492
190 2
191 2
192 10
193 10
194 4134
195 4062
196 3711
197 3628
198 3
199 6
200 3382
201 3453
202 3
203 3
204 3
205 5
206 3195
207 3143
208 3794
209 3796
210 3
211 4
212 10
213 11
214 3269
215 3307
216 6
217 2
218 3197
219 3138
220 2839
221 2832
222 1
223 3
224 2739
225 2736
226 2
227 2
228 4
229 4
230 2598
231 2598
232 3
233 3
234 2573
235 2450
236 2313
237 2430
238 3
239 3
240 5
241 9
242 2551
243 2435
244 2342
245 2338
246 4
247 2
248 2272
249 2374
250 3
251 2
252 3
253 1
254 2153
255 2211
256 50002
257 45674
258 0
259 0
260 8
261 11
262 17314
263 16807
264 1
265 1
266 8989
267 8850
268 2196
269 2222
270 0
271 0
272 3
273 6
274 2499
275 2462
276 533
277 496
278 1
279 4
280 214
281 207
282 0
283 0
284 0
285 0
286 80
287 91
288 0
289 2
290 132
291 119
292 27
293 28
294 0
295 0
296 12
297 3
298 0
299 0
300 0
301 0
302 4
303 3
304 7
305 6
306 0
307 0
308 0
309 0
310 1
311 5
