0 12
1 18
2 1659
3 1749
4 957
5 931
6 28
7 28
8 2154
9 2040
10 23
11 19
12 53
13 58
14 1846
15 1839
16 1853
17 1801
18 17
19 16
20 60
21 56
22 1772
23 1774
24 28
25 38
26 2354
27 2374
28 2204
29 2176
30 31
31 32
32 1848
33 1882
34 24
35 16
36 37
37 35
38 2042
39 2054
40 50
41 42
42 1804
43 1822
44 1872
45 1828
46 12
47 10
48 28
49 36
50 1543
51 1656
52 1613
53 1589
54 22
55 12
56 1414
57 1469
58 17
59 26
60 22
61 23
62 1388
63 1383
64 5135
65 5104
66 14
67 13
68 31
69 29
70 4770
71 4636
72 13
73 21
74 3327
75 3390
76 3241
77 3159
78 16
79 21
80 22
81 15
82 4686
83 4711
84 4357
85 4493
86 16
87 17
88 3139
89 3119
90 9
91 7
92 11
93 11
94 2861
95 2885
96 28
97 25
98 2978
99 2922
100 2690
101 2651
102 18
103 15
104 2056
105 1977
106 10
107 8
108 16
109 15
110 1913
111 1870
112 2455
113 2443
114 14
115 17
116 34
117 35
118 2268
119 2216
120 15
121 15
122 1659
123 1617
124 1550
125 1538
126 15
127 9
128 4682
129 4624
130 7
131 8
132 13
133 19
134 4227
135 4124
136 13
137 16
138 2892
139 2884
140 2538
141 2640
142 7
143 4
144 19
145 20
146 3735
147 3657
148 3384
149 3350
150 11
151 6
152 2281
153 2248
154 11
155 10
156 19
157 21
158 2070
159 2058
160 25
161 18
162 1894
163 1898
164 1633
165 1653
166 9
167 6
168 1216
169 1279
170 5
171 4
172 14
173 9
174 1123
175 1121
176 1559
177 1552
178 14
179 11
180 25
181 15
182 1273
183 1287
184 11
185 5
186 1061
187 1091
188 943
189 941
190 2
191 2
192 10
193 10
194 528
195 589
196 554
197 540
198 3
199 6
200 482
201 448
202 3
203 3
204 3
205 5
206 405
207 444
208 543
209 556
210 3
211 4
212 10
213 11
214 481
215 516
216 6
217 2
218 413
219 390
220 393
221 418
222 1
223 3
224 345
225 347
226 2
227 2
228 4
229 4
230 328
231 307
232 3
233 3
234 313
235 285
236 286
237 288
238 3
239 3
240 5
241 9
242 368
243 294
244 295
245 316
246 4
247 2
248 312
249 295
250 3
251 2
252 3
253 1
254 313
255 280
256 6124
257 5643
258 0
259 0
260 8
261 11
262 2251
263 2034
264 1
265 1
266 1230
267 1149
268 295
269 301
270 0
271 0
272 3
273 6
274 327
275 342
276 71
277 81
278 1
279 4
280 36
281 26
282 0
283 0
284 0
285 0
286 14
287 10
288 0
289 2
290 28
291 21
292 8
293 8
294 0
295 0
296 7
297 0
298 0
299 0
300 0
301 0
302 2
303 0
304 3
305 0
306 0
307 0
308 0
309 0
310 0
311 1
