0 12
1 18
2 1604076
3 1603871
4 814002
5 802337
6 28
7 28
8 2066725
9 2064507
10 23
11 19
12 53
13 58
14 1881533
15 1873623
16 1620966
17 1599046
18 17
19 16
20 60
21 56
22 1728448
23 1710981
24 28
25 38
26 2385427
27 2372016
28 2316380
29 2307608
30 31
31 32
32 1827166
33 1814907
34 24
35 16
36 37
37 35
38 1949171
39 1946698
40 50
41 42
42 1715056
43 1710546
44 1735216
45 1732922
46 12
47 10
48 28
49 36
50 1712770
51 1714184
52 1648410
53 1652058
54 22
55 12
56 1550579
57 1547683
58 17
59 26
60 22
61 23
62 1446002
63 1444729
64 5360426
65 5361448
66 14
67 13
68 31
69 29
70 5019332
71 5018169
72 13
73 21
74 3568790
75 3568268
76 3319979
77 3320817
78 16
79 21
80 22
81 15
82 4991582
83 4994171
84 4640646
85 4639563
86 16
87 17
88 3284069
89 3283257
90 9
91 7
92 11
93 11
94 3045718
95 3044850
96 28
97 25
98 3097898
99 3096145
100 2912307
101 2913443
102 18
103 15
104 2099723
105 2096486
106 10
107 8
108 16
109 15
110 1961172
111 1961163
112 2513240
113 2514895
114 14
115 17
116 34
117 35
118 2314571
119 2316636
120 15
121 15
122 1689152
123 1690864
124 1600368
125 1599393
126 15
127 9
128 4930761
129 4931445
130 7
131 8
132 13
133 19
134 4466289
135 4465061
136 13
137 16
138 3059250
139 3058966
140 2744223
141 2747597
142 7
143 4
144 19
145 20
146 4047156
147 4041309
148 3683884
149 3685760
150 11
151 6
152 2457181
153 2457464
154 11
155 10
156 19
157 21
158 2215713
159 2211716
160 25
161 18
162 1898665
163 1898151
164 1670783
165 1671733
166 9
167 6
168 1279187
169 1280078
170 5
171 4
172 14
173 9
174 1151370
175 1149497
176 1619026
177 1618978
178 14
179 11
180 25
181 15
182 1402578
183 1401379
184 11
185 5
186 1063048
187 1063297
188 951265
189 950748
190 2
191 2
192 10
193 10
194 521214
195 520049
196 474732
197 475623
198 3
199 6
200 446805
201 446439
202 3
203 3
204 3
205 5
206 412091
207 411328
208 473735
209 473618
210 3
211 4
212 10
213 11
214 416039
215 415857
216 6
217 2
218 402208
219 401613
220 363170
221 363932
222 1
223 3
224 360090
225 361852
226 2
227 2
228 4
229 4
230 334867
231 334733
232 3
233 3
234 328752
235 329015
236 301179
237 300704
238 3
239 3
240 5
241 9
242 316254
243 315379
244 294351
245 294586
246 4
247 2
248 289133
249 290093
250 3
251 2
252 3
253 1
254 273028
255 273947
256 6427247
257 5860050
258 0
259 0
260 8
261 11
262 2220339
263 2180972
264 1
265 1
266 1143280
267 1109852
268 294139
269 285709
270 0
271 0
272 3
273 6
274 325316
275 315602
276 65211
277 63273
278 1
279 4
280 26191
281 25062
282 0
283 0
284 0
285 0
286 10067
287 10165
288 0
289 2
290 15135
291 15129
292 3405
293 3449
294 0
295 0
296 842
297 792
298 0
299 0
300 0
301 0
302 686
303 633
304 749
305 665
306 0
307 0
308 0
309 0
310 307
311 262
312 0
313 0
314 133
315 104
316 72
317 50
318 0
319 0
320 0
321 0
322 109
323 74
324 33
325 39
326 0
327 0
328 29
329 26
330 0
331 0
332 0
333 0
334 22
335 15
336 4
337 4
338 0
339 0
340 0
341 0
342 1
343 2
344 0
345 0
346 2
347 5
348 3
349 1
350 0
351 0
352 2
353 0
354 0
355 0
356 0
357 0
358 1
359 1
360 0
361 0
362 0
363 0
364 0
365 1
