0 12
1 18
2 336
3 361
4 248
5 260
6 28
7 28
8 338
9 316
10 23
11 19
12 53
13 58
14 273
15 265
16 483
17 440
18 17
19 16
20 60
21 56
22 317
23 345
24 28
25 38
26 359
27 367
28 314
29 273
30 31
31 32
32 260
33 262
34 24
35 16
36 37
37 35
38 297
39 309
40 50
41 42
42 214
43 230
44 263
45 249
46 12
47 10
48 28
49 36
50 202
51 202
52 239
53 231
54 22
55 12
56 184
57 190
58 17
59 26
60 22
61 23
62 220
63 211
64 495
65 467
66 14
67 13
68 31
69 29
70 396
71 384
72 13
73 21
74 342
75 345
76 321
77 343
78 16
79 21
80 22
81 15
82 414
83 434
84 370
85 405
86 16
87 17
88 300
89 315
90 9
91 7
92 11
93 11
94 235
95 243
96 28
97 24
98 311
99 309
100 278
101 285
102 18
103 15
104 273
105 207
106 10
107 8
108 16
109 15
110 232
111 222
112 252
113 247
114 14
115 17
116 34
117 35
118 236
119 247
120 15
121 15
122 175
123 181
124 161
125 177
126 15
127 9
128 473
129 441
130 7
131 8
132 13
133 19
134 413
135 430
136 13
137 16
138 298
139 308
140 279
141 291
142 7
143 4
144 19
145 20
146 367
147 350
148 365
149 369
150 11
151 6
152 247
153 249
154 11
155 10
156 19
157 21
158 224
159 251
160 25
161 18
162 199
163 229
164 195
165 196
166 9
167 6
168 120
169 159
170 5
171 4
172 14
173 9
174 105
175 139
176 157
177 171
178 14
179 11
180 25
181 15
182 128
183 153
184 11
185 5
186 102
187 109
188 104
189 108
190 2
191 2
192 10
193 10
194 135
195 143
196 123
197 123
198 3
199 6
200 87
201 81
202 3
203 3
204 3
205 5
206 83
207 84
208 104
209 108
210 3
211 4
212 10
213 11
214 91
215 100
216 6
217 2
218 62
219 62
220 54
221 67
222 1
223 3
224 43
225 54
226 2
227 2
228 4
229 4
230 37
231 41
232 3
233 3
234 30
235 37
236 27
237 39
238 3
239 3
240 5
241 9
242 42
243 37
244 35
245 31
246 4
247 2
248 27
249 33
250 3
251 2
252 3
253 1
254 28
255 29
256 599
257 550
258 0
259 0
260 6
261 11
262 208
263 228
264 1
265 1
266 147
267 165
268 73
269 70
270 0
271 0
272 3
273 6
274 58
275 58
276 17
277 24
278 1
279 4
280 11
281 9
282 0
283 0
284 0
285 0
286 7
287 4
288 0
289 2
290 11
291 10
292 5
293 7
294 0
295 0
296 4
297 0
298 0
299 0
300 0
301 0
302 2
303 0
304 1
305 0
306 0
307 0
308 0
309 0
310 0
311 1
