0 12
1 18
2 200703
3 200795
4 103026
5 100899
6 28
7 28
8 258379
9 258377
10 23
11 19
12 53
13 58
14 235758
15 234707
16 203428
17 200453
18 17
19 16
20 60
21 56
22 216353
23 213452
24 28
25 38
26 298419
27 295878
28 288284
29 287561
30 31
31 32
32 227974
33 227410
34 24
35 16
36 37
37 35
38 244212
39 243716
40 50
41 42
42 214547
43 214318
44 217664
45 216495
46 12
47 10
48 28
49 36
50 212896
51 213762
52 205826
53 205731
54 22
55 12
56 192582
57 192678
58 17
59 26
60 22
61 23
62 180427
63 179272
64 669498
65 668411
66 14
67 13
68 31
69 29
70 626918
71 625833
72 13
73 21
74 445388
75 445514
76 414034
77 414133
78 16
79 21
80 22
81 15
82 625427
83 626008
84 581038
85 581114
86 16
87 17
88 410880
89 411096
90 9
91 7
92 11
93 11
94 381867
95 380868
96 28
97 25
98 387738
99 386284
100 362843
101 364274
102 18
103 15
104 262496
105 262111
106 10
107 8
108 16
109 15
110 245210
111 245529
112 314942
113 315507
114 14
115 17
116 34
117 35
118 290128
119 289264
120 15
121 15
122 212050
123 210833
124 200085
125 200341
126 15
127 9
128 616225
129 616552
130 7
131 8
132 13
133 19
134 558230
135 559015
136 13
137 16
138 382379
139 382264
140 342241
141 343650
142 7
143 4
144 19
145 20
146 506669
147 506370
148 460646
149 461297
150 11
151 6
152 308552
153 308863
154 11
155 10
156 19
157 21
158 276374
159 276864
160 25
161 18
162 237179
163 237113
164 208423
165 209378
166 9
167 6
168 159950
169 160005
170 5
171 4
172 14
173 9
174 144016
175 144186
176 202456
177 202745
178 14
179 11
180 25
181 15
182 175536
183 174550
184 11
185 5
186 132981
187 133548
188 119175
189 118357
190 2
191 2
192 10
193 10
194 65178
195 65191
196 59305
197 59477
198 3
199 6
200 55743
201 55525
202 3
203 3
204 3
205 5
206 51271
207 50941
208 59144
209 59182
210 3
211 4
212 10
213 11
214 51814
215 51756
216 6
217 2
218 50126
219 50284
220 45637
221 45506
222 1
223 3
224 44453
225 44707
226 2
227 2
228 4
229 4
230 41744
231 41754
232 3
233 3
234 41118
235 40975
236 37139
237 37807
238 3
239 3
240 5
241 9
242 39641
243 39311
244 36618
245 37465
246 4
247 2
248 35932
249 36115
250 3
251 2
252 3
253 1
254 34180
255 34492
256 801987
257 729915
258 0
259 0
260 8
261 11
262 277003
263 271569
264 1
265 1
266 142336
267 138355
268 36268
269 35780
270 0
271 0
272 3
273 6
274 40457
275 39366
276 8215
277 7985
278 1
279 4
280 3307
281 3137
282 0
283 0
284 0
285 0
286 1224
287 1299
288 0
289 2
290 1919
291 1865
292 386
293 426
294 0
295 0
296 95
297 92
298 0
299 0
300 0
301 0
302 72
303 81
304 89
305 86
306 0
307 0
308 0
309 0
310 36
311 36
312 0
313 0
314 10
315 13
316 8
317 4
318 0
319 0
320 0
321 0
322 6
323 4
324 0
325 0
326 0
327 0
328 0
329 0
330 0
331 0
332 0
333 0
334 1
