0 12
1 18
2 205445510
3 205422883
4 104281998
5 102766403
6 28
7 28
8 264868839
9 264523292
10 23
11 19
12 53
13 58
14 240665731
15 239965413
16 207471422
17 204722017
18 17
19 16
20 60
21 56
22 221095578
23 218646078
24 28
25 38
26 305236987
27 304045799
28 296778500
29 295490675
30 31
31 32
32 234044271
33 232017776
34 24
35 16
36 37
37 35
38 249259041
39 249329169
40 50
41 42
42 219708388
43 219127964
44 222282682
45 222002590
46 12
47 10
48 28
49 36
50 219559025
51 219840908
52 211301180
53 211554405
54 22
55 12
56 198458738
57 198281858
58 17
59 26
60 22
61 23
62 185469223
63 185320700
64 686175795
65 686403132
66 14
67 13
68 31
69 29
70 642661559
71 642778022
72 13
73 21
74 456948504
75 456930244
76 424794241
77 424894217
78 16
79 21
80 22
81 15
82 638091701
83 638314117
84 592776158
85 592925722
86 16
87 17
88 420218169
89 420096349
90 9
91 7
92 11
93 11
94 389606655
95 389502405
96 28
97 25
98 396320126
99 396356026
100 372569965
101 372682354
102 18
103 15
104 268489726
105 268479275
106 10
107 8
108 16
109 15
110 250967191
111 250952841
112 321929362
113 322088209
114 14
115 17
116 34
117 35
118 296764572
119 296828669
120 15
121 15
122 216269978
123 216266737
124 204549624
125 204564166
126 15
127 9
128 630697188
129 630990186
130 7
131 8
132 13
133 19
134 571522437
135 571556032
136 13
137 16
138 391734334
139 391712641
140 351387424
141 351431182
142 7
143 4
144 19
145 20
146 517576584
147 517658518
148 471625486
149 471712844
150 11
151 6
152 314465728
153 314424820
154 11
155 10
156 19
157 21
158 283442041
159 283440114
160 25
161 18
162 242939146
163 242954390
164 213931583
165 214010061
166 9
167 6
168 163833093
169 163899289
170 5
171 4
172 14
173 9
174 147304710
175 147308920
176 206985929
177 207028200
178 14
179 11
180 25
181 15
182 179218517
183 179249307
184 11
185 5
186 136213195
187 136283253
188 121692175
189 121734513
190 2
191 2
192 10
193 10
194 66832145
195 66841702
196 60871778
197 60849544
198 3
199 6
200 57254856
201 57246709
202 3
203 3
204 3
205 5
206 52631891
207 52607172
208 60600098
209 60606980
210 3
211 4
212 10
213 11
214 53204674
215 53205577
216 6
217 2
218 51325876
219 51318048
220 46612531
221 46590177
222 1
223 3
224 46269270
225 46254681
226 2
227 2
228 4
229 4
230 42883150
231 42905014
232 3
233 3
234 42037875
235 42039987
236 38552115
237 38554545
238 3
239 3
240 5
241 9
242 40348074
243 40359761
244 37574183
245 37580703
246 4
247 2
248 37093351
249 37104746
250 3
251 2
252 3
253 1
254 34926575
255 34935038
256 823154098
257 750568461
258 0
259 0
260 8
261 11
262 284172770
263 279342088
264 1
265 1
266 146644070
267 142138252
268 37554708
269 36632510
270 0
271 0
272 3
273 6
274 41781571
275 40552527
276 8313797
277 8078473
278 1
279 4
280 3330774
281 3223303
282 0
283 0
284 0
285 0
286 1289489
287 1283773
288 0
289 2
290 1980298
291 1939384
292 449494
293 433883
294 0
295 0
296 106914
297 106201
298 0
299 0
300 0
301 0
302 92083
303 85026
304 94175
305 85046
306 0
307 0
308 0
309 0
310 37446
311 31750
312 0
313 0
314 15083
315 12755
316 9721
317 7155
318 0
319 0
320 0
321 0
322 7406
323 7160
324 2579
325 2579
326 0
327 0
328 1507
329 1413
330 0
331 0
332 0
333 0
334 682
335 667
336 397
337 382
338 0
339 0
340 0
341 0
342 199
343 218
344 0
345 0
346 122
347 120
348 77
349 53
350 0
351 0
352 32
353 37
354 0
355 0
356 0
357 0
358 31
359 20
360 0
361 0
362 14
363 17
364 8
365 3
366 0
367 0
368 0
369 0
370 0
371 1
372 2
373 1
374 0
375 0
376 4
377 0
378 0
379 0
380 0
381 0
382 2
383 0
384 0
385 0
386 1
