0 12
1 18
2 146
3 154
4 88
5 82
6 26
7 25
8 130
9 122
10 19
11 16
12 50
13 55
14 61
15 69
16 197
17 186
18 15
19 14
20 60
21 55
22 109
23 112
24 26
25 36
26 117
27 125
28 88
29 90
30 30
31 29
32 79
33 82
34 21
35 15
36 34
37 32
38 83
39 96
40 44
41 30
42 53
43 56
44 92
45 75
46 10
47 8
48 25
49 35
50 28
51 28
52 40
53 39
54 20
55 11
56 34
57 30
58 17
59 25
60 21
61 20
62 28
63 22
64 55
65 32
66 8
67 7
68 10
69 10
70 23
71 18
72 10
73 13
74 17
75 14
76 14
77 18
78 9
79 12
80 9
81 6
82 27
83 26
84 13
85 17
86 6
87 6
88 8
89 5
90 4
91 3
92 4
93 4
94 4
95 5
96 12
97 6
98 9
99 6
100 4
101 6
102 2
103 5
104 5
105 2
106 3
107 2
108 3
109 2
110 1
111 2
112 3
113 2
114 0
115 2
116 3
117 1
118 1
119 0
120 1
121 0
122 0
123 0
124 0
125 1
