0 12
1 18
2 24801
3 24987
4 12816
5 12257
6 28
7 28
8 32318
9 32481
10 23
11 19
12 53
13 58
14 29181
15 28974
16 25558
17 24867
18 17
19 16
20 60
21 56
22 27113
23 26384
24 28
25 38
26 37226
27 36811
28 36241
29 35868
30 31
31 32
32 28797
33 28885
34 24
35 16
36 37
37 35
38 31081
39 31306
40 50
41 42
42 27176
43 27015
44 27720
45 27437
46 12
47 10
48 28
49 36
50 26349
51 26321
52 25526
53 25544
54 22
55 12
56 23965
57 24183
58 17
59 26
60 22
61 23
62 22585
63 22448
64 83481
65 83343
66 14
67 13
68 31
69 29
70 78257
71 77777
72 13
73 21
74 55291
75 55070
76 51724
77 51294
78 16
79 21
80 22
81 15
82 78463
83 78681
84 72794
85 73333
86 16
87 17
88 51646
89 51299
90 9
91 7
92 11
93 11
94 47659
95 47908
96 28
97 25
98 48213
99 48392
100 45154
101 45300
102 18
103 15
104 32807
105 32640
106 10
107 8
108 16
109 15
110 30804
111 30947
112 39608
113 39303
114 14
115 17
116 34
117 35
118 36442
119 36037
120 15
121 15
122 26481
123 26175
124 24891
125 25007
126 15
127 9
128 76522
129 76708
130 7
131 8
132 13
133 19
134 69644
135 69184
136 13
137 16
138 47671
139 47509
140 42067
141 42434
142 7
143 4
144 19
145 20
146 64033
147 63698
148 57808
149 58036
150 11
151 6
152 38754
153 38778
154 11
155 10
156 19
157 21
158 34854
159 34916
160 25
161 18
162 29494
163 29340
164 26108
165 26246
166 9
167 6
168 20103
169 20154
170 5
171 4
172 14
173 9
174 17809
175 17878
176 25153
177 25347
178 14
179 11
180 25
181 15
182 21564
183 21620
184 11
185 5
186 16660
187 16689
188 14942
189 14923
190 2
191 2
192 10
193 10
194 8306
195 8209
196 7379
197 7317
198 3
199 6
200 6886
201 6966
202 3
203 3
204 3
205 5
206 6474
207 6366
208 7457
209 7478
210 3
211 4
212 10
213 11
214 6570
215 6589
216 6
217 2
218 6280
219 6226
220 5692
221 5665
222 1
223 3
224 5569
225 5459
226 2
227 2
228 4
229 4
230 5234
231 5193
232 3
233 3
234 5152
235 5100
236 4669
237 4871
238 3
239 3
240 5
241 9
242 5016
243 4955
244 4641
245 4744
246 4
247 2
248 4474
249 4518
250 3
251 2
252 3
253 1
254 4371
255 4413
256 100163
257 90997
258 0
259 0
260 8
261 11
262 34549
263 33371
264 1
265 1
266 17799
267 17423
268 4436
269 4388
270 0
271 0
272 3
273 6
274 5119
275 4889
276 1027
277 963
278 1
279 4
280 421
281 411
282 0
283 0
284 0
285 0
286 163
287 165
288 0
289 2
290 252
291 231
292 54
293 47
294 0
295 0
296 17
297 9
298 0
299 0
300 0
301 0
302 7
303 7
304 10
305 11
306 0
307 0
308 0
309 0
310 3
311 6
312 0
313 0
314 0
315 3
