0 12
1 18
2 25686067
3 25672813
4 13039367
5 12845277
6 28
7 28
8 33115702
9 33074734
10 23
11 19
12 53
13 58
14 30087915
15 29999056
16 25929578
17 25585330
18 17
19 16
20 60
21 56
22 27634822
23 27321861
24 28
25 38
26 38154295
27 37996931
28 37093301
29 36912884
30 31
31 32
32 29262357
33 29010370
34 24
35 16
36 37
37 35
38 31158629
39 31177187
40 50
41 42
42 27465104
43 27390495
44 27786028
45 27745883
46 12
47 10
48 28
49 36
50 27436680
51 27470563
52 26409191
53 26439114
54 22
55 12
56 24808189
57 24786000
58 17
59 26
60 22
61 23
62 23178540
63 23157619
64 85761661
65 85785359
66 14
67 13
68 31
69 29
70 80311543
71 80325613
72 13
73 21
74 57111196
75 57101406
76 53087610
77 53101305
78 16
79 21
80 22
81 15
82 79803683
83 79816656
84 74135208
85 74156352
86 16
87 17
88 52538079
89 52531140
90 9
91 7
92 11
93 11
94 48725038
95 48708593
96 28
97 25
98 49528008
99 49546691
100 46580510
101 46585156
102 18
103 15
104 33564054
105 33562605
106 10
107 8
108 16
109 15
110 31378059
111 31367706
112 40232606
113 40260835
114 14
115 17
116 34
117 35
118 37089630
119 37104739
120 15
121 15
122 27036744
123 27024783
124 25562098
125 25580047
126 15
127 9
128 78826286
129 78857626
130 7
131 8
132 13
133 19
134 71429816
135 71429452
136 13
137 16
138 48959135
139 48967801
140 43927900
141 43924714
142 7
143 4
144 19
145 20
146 64704764
147 64704301
148 58950848
149 58978819
150 11
151 6
152 39305919
153 39297485
154 11
155 10
156 19
157 21
158 35428532
159 35431929
160 25
161 18
162 30362789
163 30362360
164 26735795
165 26750371
166 9
167 6
168 20475565
169 20484655
170 5
171 4
172 14
173 9
174 18407346
175 18407750
176 25875778
177 25883845
178 14
179 11
180 25
181 15
182 22409870
183 22414131
184 11
185 5
186 17030773
187 17040631
188 15214616
189 15220342
190 2
191 2
192 10
193 10
194 8348409
195 8349729
196 7605160
197 7599642
198 3
199 6
200 7151592
201 7156884
202 3
203 3
204 3
205 5
206 6579925
207 6570728
208 7581699
209 7586115
210 3
211 4
212 10
213 11
214 6654310
215 6653751
216 6
217 2
218 6419600
219 6416256
220 5825009
221 5827646
222 1
223 3
224 5776104
225 5782302
226 2
227 2
228 4
229 4
230 5362999
231 5360341
232 3
233 3
234 5253633
235 5255880
236 4816324
237 4820267
238 3
239 3
240 5
241 9
242 5046262
243 5047010
244 4697828
245 4698867
246 4
247 2
248 4640105
249 4639119
250 3
251 2
252 3
253 1
254 4366570
255 4368608
256 102879453
257 93809063
258 0
259 0
260 8
261 11
262 35521641
263 34913330
264 1
265 1
266 18329865
267 17768148
268 4696180
269 4579467
270 0
271 0
272 3
273 6
274 5222662
275 5069833
276 1039290
277 1010731
278 1
279 4
280 415841
281 402709
282 0
283 0
284 0
285 0
286 161271
287 159775
288 0
289 2
290 247739
291 241313
292 56401
293 54654
294 0
295 0
296 13128
297 13317
298 0
299 0
300 0
301 0
302 11517
303 10699
304 11693
305 10405
306 0
307 0
308 0
309 0
310 4693
311 4007
312 0
313 0
314 1952
315 1623
316 1246
317 885
318 0
319 0
320 0
321 0
322 1020
323 939
324 349
325 350
326 0
327 0
328 221
329 218
330 0
331 0
332 0
333 0
334 89
335 85
336 54
337 57
338 0
339 0
340 0
341 0
342 24
343 17
344 0
345 0
346 16
347 23
348 13
349 12
350 0
351 0
352 7
353 3
354 0
355 0
356 0
357 0
358 3
359 3
360 0
361 0
362 0
363 6
364 3
365 1
366 0
367 0
368 0
369 0
370 0
371 0
372 0
373 1
374 0
375 0
376 0
377 0
378 0
379 0
380 0
381 0
382 1
383 0
384 0
385 0
386 1
