0 12
1 18
2 3261
3 3322
4 1710
5 1686
6 28
7 28
8 4266
9 4061
10 23
11 19
12 53
13 58
14 3711
15 3669
16 3338
17 3245
18 17
19 16
20 60
21 56
22 3422
23 3388
24 28
25 38
26 4665
27 4562
28 4330
29 4353
30 31
31 32
32 3731
33 3657
34 24
35 16
36 37
37 35
38 3953
39 3963
40 50
41 42
42 3515
43 3550
44 3618
45 3517
46 12
47 10
48 28
49 36
50 3182
51 3330
52 3214
53 3223
54 22
55 12
56 2876
57 3109
58 17
59 26
60 22
61 23
62 2782
63 2745
64 10323
65 10262
66 14
67 13
68 31
69 29
70 9523
71 9416
72 13
73 21
74 6922
75 6915
76 6427
77 6317
78 16
79 21
80 22
81 15
82 9609
83 9582
84 9034
85 9134
86 16
87 17
88 6421
89 6202
90 9
91 7
92 11
93 11
94 5910
95 5967
96 28
97 25
98 5825
99 5905
100 5507
101 5527
102 18
103 15
104 4076
105 4006
106 10
107 8
108 16
109 15
110 3775
111 3817
112 5047
113 5023
114 14
115 17
116 34
117 35
118 4558
119 4495
120 15
121 15
122 3348
123 3369
124 3089
125 3075
126 15
127 9
128 9576
129 9345
130 7
131 8
132 13
133 19
134 8501
135 8497
136 13
137 16
138 5845
139 5898
140 5148
141 5217
142 7
143 4
144 19
145 20
146 7843
147 7723
148 7008
149 6938
150 11
151 6
152 4703
153 4662
154 11
155 10
156 19
157 21
158 4309
159 4202
160 25
161 18
162 3763
163 3829
164 3315
165 3307
166 9
167 6
168 2617
169 2599
170 5
171 4
172 14
173 9
174 2259
175 2223
176 3138
177 3121
178 14
179 11
180 25
181 15
182 2598
183 2646
184 11
185 5
186 2056
187 2086
188 1874
189 1846
190 2
191 2
192 10
193 10
194 1024
195 1068
196 999
197 983
198 3
199 6
200 903
201 890
202 3
203 3
204 3
205 5
206 827
207 840
208 980
209 1016
210 3
211 4
212 10
213 11
214 874
215 914
216 6
217 2
218 847
219 820
220 749
221 738
222 1
223 3
224 653
225 640
226 2
227 2
228 4
229 4
230 658
231 592
232 3
233 3
234 631
235 589
236 577
237 600
238 3
239 3
240 5
241 9
242 693
243 619
244 604
245 621
246 4
247 2
248 569
249 589
250 3
251 2
252 3
253 1
254 572
255 559
256 12395
257 11339
258 0
259 0
260 8
261 11
262 4384
263 4120
264 1
265 1
266 2360
267 2328
268 565
269 592
270 0
271 0
272 3
273 6
274 645
275 655
276 144
277 133
278 1
279 4
280 69
281 51
282 0
283 0
284 0
285 0
286 29
287 21
288 0
289 2
290 55
291 40
292 10
293 11
294 0
295 0
296 7
297 0
298 0
299 0
300 0
301 0
302 2
303 1
304 4
305 1
306 0
307 0
308 0
309 0
310 0
311 1
