0 12
1 18
2 3210138
3 3206610
4 1627308
5 1605166
6 28
7 28
8 4138712
9 4131621
10 23
11 19
12 53
13 58
14 3762389
15 3748481
16 3240240
17 3199081
18 17
19 16
20 60
21 56
22 3454673
23 3417554
24 28
25 38
26 4770955
27 4748958
28 4635386
29 4614282
30 31
31 32
32 3657264
33 3628618
34 24
35 16
36 37
37 35
38 3893337
39 3895306
40 50
41 42
42 3434011
43 3424252
44 3472323
45 3469138
46 12
47 10
48 28
49 36
50 3430281
51 3430682
52 3300344
53 3302995
54 22
55 12
56 3100245
57 3096542
58 17
59 26
60 22
61 23
62 2892606
63 2891998
64 10726909
65 10725294
66 14
67 13
68 31
69 29
70 10040860
71 10042103
72 13
73 21
74 7142419
75 7139375
76 6639929
77 6639330
78 16
79 21
80 22
81 15
82 9978066
83 9980528
84 9273470
85 9273378
86 16
87 17
88 6564622
89 6563551
90 9
91 7
92 11
93 11
94 6089996
95 6084496
96 28
97 25
98 6189183
99 6189049
100 5816815
101 5820524
102 18
103 15
104 4195045
105 4192342
106 10
107 8
108 16
109 15
110 3920972
111 3921577
112 5027297
113 5031936
114 14
115 17
116 34
117 35
118 4634042
119 4637709
120 15
121 15
122 3382477
123 3381198
124 3196723
125 3198841
126 15
127 9
128 9856652
129 9864540
130 7
131 8
132 13
133 19
134 8927185
135 8930047
136 13
137 16
138 6114553
139 6115674
140 5490557
141 5492203
142 7
143 4
144 19
145 20
146 8090409
147 8085285
148 7367726
149 7367426
150 11
151 6
152 4912320
153 4912825
154 11
155 10
156 19
157 21
158 4428272
159 4424005
160 25
161 18
162 3795555
163 3795735
164 3341875
165 3343704
166 9
167 6
168 2557954
169 2560043
170 5
171 4
172 14
173 9
174 2302264
175 2300148
176 3236088
177 3238126
178 14
179 11
180 25
181 15
182 2802018
183 2803865
184 11
185 5
186 2128845
187 2128726
188 1901508
189 1901702
190 2
191 2
192 10
193 10
194 1042444
195 1041463
196 950207
197 950847
198 3
199 6
200 894382
201 894859
202 3
203 3
204 3
205 5
206 823210
207 822015
208 948256
209 948041
210 3
211 4
212 10
213 11
214 832111
215 833045
216 6
217 2
218 803954
219 802110
220 728778
221 729139
222 1
223 3
224 720745
225 722736
226 2
227 2
228 4
229 4
230 669233
231 669669
232 3
233 3
234 657267
235 658372
236 602999
237 602044
238 3
239 3
240 5
241 9
242 632557
243 630965
244 588107
245 588994
246 4
247 2
248 579681
249 579724
250 3
251 2
252 3
253 1
254 546010
255 547265
256 12859308
257 11726417
258 0
259 0
260 8
261 11
262 4444237
263 4365762
264 1
265 1
266 2290257
267 2222110
268 588436
269 571900
270 0
271 0
272 3
273 6
274 651635
275 633787
276 130473
277 126418
278 1
279 4
280 51945
281 49987
282 0
283 0
284 0
285 0
286 20165
287 20268
288 0
289 2
290 30571
291 30074
292 6924
293 6793
294 0
295 0
296 1616
297 1621
298 0
299 0
300 0
301 0
302 1365
303 1253
304 1448
305 1289
306 0
307 0
308 0
309 0
310 592
311 476
312 0
313 0
314 232
315 194
316 135
317 88
318 0
319 0
320 0
321 0
322 145
323 107
324 46
325 53
326 0
327 0
328 31
329 33
330 0
331 0
332 0
333 0
334 24
335 16
336 4
337 5
338 0
339 0
340 0
341 0
342 1
343 2
344 0
345 0
346 3
347 5
348 3
349 1
350 0
351 0
352 2
353 0
354 0
355 0
356 0
357 0
358 1
359 1
360 0
361 0
362 0
363 0
364 0
365 1
