0 12
1 18
2 586
3 619
4 368
5 376
6 28
7 28
8 612
9 580
10 23
11 19
12 53
13 58
14 514
15 511
16 714
17 667
18 17
19 16
20 60
21 56
22 556
23 569
24 28
25 38
26 596
27 616
28 563
29 517
30 31
31 32
32 496
33 520
34 24
35 16
36 37
37 35
38 528
39 573
40 50
41 42
42 450
43 454
44 492
45 499
46 12
47 10
48 28
49 36
50 384
51 394
52 438
53 392
54 22
55 12
56 375
57 370
58 17
59 26
60 22
61 23
62 398
63 378
64 1188
65 1172
66 14
67 13
68 31
69 29
70 1055
71 1018
72 13
73 21
74 771
75 793
76 742
77 762
78 16
79 21
80 22
81 15
82 933
83 904
84 859
85 911
86 16
87 17
88 661
89 686
90 9
91 7
92 11
93 11
94 575
95 585
96 28
97 25
98 688
99 687
100 628
101 640
102 18
103 15
104 523
105 448
106 10
107 8
108 16
109 15
110 512
111 458
112 576
113 573
114 14
115 17
116 34
117 35
118 525
119 535
120 15
121 15
122 393
123 385
124 366
125 363
126 15
127 9
128 1051
129 1030
130 7
131 8
132 13
133 19
134 935
135 940
136 13
137 16
138 686
139 670
140 623
141 630
142 7
143 4
144 19
145 20
146 849
147 829
148 782
149 771
150 11
151 6
152 547
153 527
154 11
155 10
156 19
157 21
158 468
159 499
160 25
161 18
162 497
163 501
164 454
165 444
166 9
167 6
168 311
169 322
170 5
171 4
172 14
173 9
174 273
175 289
176 369
177 359
178 14
179 11
180 25
181 15
182 284
183 307
184 11
185 5
186 245
187 247
188 211
189 230
190 2
191 2
192 10
193 10
194 184
195 200
196 179
197 168
198 3
199 6
200 148
201 130
202 3
203 3
204 3
205 5
206 124
207 135
208 154
209 161
210 3
211 4
212 10
213 11
214 144
215 150
216 6
217 2
218 105
219 98
220 87
221 122
222 1
223 3
224 91
225 95
226 2
227 2
228 4
229 4
230 77
231 93
232 3
233 3
234 70
235 84
236 64
237 77
238 3
239 3
240 5
241 9
242 93
243 77
244 68
245 73
246 4
247 2
248 68
249 70
250 3
251 2
252 3
253 1
254 58
255 64
256 1406
257 1348
258 0
259 0
260 8
261 11
262 497
263 463
264 1
265 1
266 295
267 297
268 96
269 92
270 0
271 0
272 3
273 6
274 80
275 88
276 24
277 27
278 1
279 4
280 12
281 10
282 0
283 0
284 0
285 0
286 8
287 4
288 0
289 2
290 12
291 10
292 5
293 7
294 0
295 0
296 4
297 0
298 0
299 0
300 0
301 0
302 2
303 0
304 1
305 0
306 0
307 0
308 0
309 0
310 0
311 1
