0 12
1 18
2 400295
3 400767
4 204839
5 200951
6 28
7 28
8 517262
9 515896
10 23
11 19
12 53
13 58
14 470752
15 468941
16 405759
17 399976
18 17
19 16
20 60
21 56
22 431892
23 427787
24 28
25 38
26 596241
27 591413
28 577740
29 576547
30 31
31 32
32 456784
33 455246
34 24
35 16
36 37
37 35
38 488027
39 487047
40 50
41 42
42 429752
43 428467
44 434898
45 433799
46 12
47 10
48 28
49 36
50 426516
51 427758
52 411422
53 412095
54 22
55 12
56 385658
57 385987
58 17
59 26
60 22
61 23
62 360532
63 360164
64 1339277
65 1339401
66 14
67 13
68 31
69 29
70 1252965
71 1252603
72 13
73 21
74 891347
75 891832
76 828837
77 829299
78 16
79 21
80 22
81 15
82 1249876
83 1251395
84 1161774
85 1161603
86 16
87 17
88 822358
89 822546
90 9
91 7
92 11
93 11
94 763545
95 762109
96 28
97 25
98 774973
99 773293
100 727821
101 728374
102 18
103 15
104 524461
105 523760
106 10
107 8
108 16
109 15
110 489852
111 490999
112 630240
113 630765
114 14
115 17
116 34
117 35
118 580681
119 579512
120 15
121 15
122 423100
123 423030
124 400465
125 400515
126 15
127 9
128 1231277
129 1232524
130 7
131 8
132 13
133 19
134 1116144
135 1116367
136 13
137 16
138 765096
139 764798
140 684013
141 687087
142 7
143 4
144 19
145 20
146 1013812
147 1011981
148 921789
149 922328
150 11
151 6
152 616572
153 614993
154 11
155 10
156 19
157 21
158 553314
159 553338
160 25
161 18
162 474988
163 474199
164 416996
165 418876
166 9
167 6
168 319722
169 319964
170 5
171 4
172 14
173 9
174 287501
175 287116
176 404598
177 404296
178 14
179 11
180 25
181 15
182 350497
183 348598
184 11
185 5
186 265667
187 266076
188 238280
189 237652
190 2
191 2
192 10
193 10
194 129683
195 129505
196 118112
197 118496
198 3
199 6
200 111285
201 110967
202 3
203 3
204 3
205 5
206 102379
207 102326
208 118740
209 118801
210 3
211 4
212 10
213 11
214 103710
215 104411
216 6
217 2
218 100656
219 100480
220 90796
221 91030
222 1
223 3
224 89651
225 89752
226 2
227 2
228 4
229 4
230 83394
231 83193
232 3
233 3
234 82449
235 81955
236 74545
237 75236
238 3
239 3
240 5
241 9
242 79342
243 79078
244 73543
245 74051
246 4
247 2
248 72384
249 72659
250 3
251 2
252 3
253 1
254 68268
255 68915
256 1607054
257 1461830
258 0
259 0
260 8
261 11
262 554454
263 544495
264 1
265 1
266 284911
267 276834
268 73038
269 71249
270 0
271 0
272 3
273 6
274 80250
275 78714
276 16332
277 15699
278 1
279 4
280 6463
281 6209
282 0
283 0
284 0
285 0
286 2465
287 2435
288 0
289 2
290 3711
291 3761
292 782
293 828
294 0
295 0
296 182
297 173
298 0
299 0
300 0
301 0
302 148
303 168
304 177
305 165
306 0
307 0
308 0
309 0
310 81
311 67
312 0
313 0
314 23
315 20
316 15
317 7
318 0
319 0
320 0
321 0
322 9
323 7
324 1
325 0
326 0
327 0
328 0
329 0
330 0
331 0
332 0
333 0
334 1
335 0
336 0
337 0
338 0
339 0
340 0
341 0
342 0
343 0
344 0
345 0
346 0
347 1
