0 12
1 18
2 410883636
3 410858261
4 208553399
5 205503881
6 28
7 28
8 529737912
9 529099227
10 23
11 19
12 53
13 58
14 481358641
15 479994248
16 414940224
17 409420569
18 17
19 16
20 60
21 56
22 442138528
23 437275810
24 28
25 38
26 610504497
27 608045091
28 593501100
29 590974609
30 31
31 32
32 468145630
33 464080959
34 24
35 16
36 37
37 35
38 498553167
39 498709795
40 50
41 42
42 439451403
43 438283907
44 444618353
45 444020453
46 12
47 10
48 28
49 36
50 439133002
51 439677191
52 422589738
53 423111478
54 22
55 12
56 396891697
57 396541988
58 17
59 26
60 22
61 23
62 370923148
63 370625421
64 1372148039
65 1372615361
66 14
67 13
68 31
69 29
70 1285276397
71 1285403024
72 13
73 21
74 913822762
75 913770318
76 849568727
77 849666509
78 16
79 21
80 22
81 15
82 1276345583
83 1276743940
84 1185650685
85 1185989011
86 16
87 17
88 840513614
89 840249969
90 9
91 7
92 11
93 11
94 779300739
95 779095150
96 28
97 25
98 792685579
99 792738220
100 745115201
101 745369396
102 18
103 15
104 536987844
105 536991843
106 10
107 8
108 16
109 15
110 501966207
111 501914785
112 643890336
113 644138494
114 14
115 17
116 34
117 35
118 593559640
119 593659859
120 15
121 15
122 432511989
123 432510505
124 409099901
125 409110824
126 15
127 9
128 1261371688
129 1261983928
130 7
131 8
132 13
133 19
134 1142975475
135 1143044797
136 13
137 16
138 783470284
139 783388293
140 702749113
141 702841028
142 7
143 4
144 19
145 20
146 1035117681
147 1035376471
148 943258079
149 943378219
150 11
151 6
152 628923281
153 628863426
154 11
155 10
156 19
157 21
158 566898217
159 566895246
160 25
161 18
162 485847523
163 485895249
164 427884515
165 427996033
166 9
167 6
168 327622147
169 327776832
170 5
171 4
172 14
173 9
174 294606173
175 294604146
176 413982364
177 414077044
178 14
179 11
180 25
181 15
182 358440835
183 358520326
184 11
185 5
186 272434380
187 272544559
188 243393606
189 243498907
190 2
191 2
192 10
193 10
194 133651644
195 133667604
196 121717769
197 121684764
198 3
199 6
200 114498239
201 114494650
202 3
203 3
204 3
205 5
206 105235689
207 105211688
208 121226345
209 121247167
210 3
211 4
212 10
213 11
214 106423703
215 106439580
216 6
217 2
218 102683105
219 102682813
220 93230781
221 93202257
222 1
223 3
224 92535372
225 92519044
226 2
227 2
228 4
229 4
230 85773617
231 85802968
232 3
233 3
234 84081543
235 84092466
236 77114494
237 77118440
238 3
239 3
240 5
241 9
242 80723848
243 80740828
244 75174893
245 75174891
246 4
247 2
248 74210252
249 74215226
250 3
251 2
252 3
253 1
254 69866025
255 69876828
256 1646333739
257 1501081243
258 0
259 0
260 8
261 11
262 568331016
263 558673669
264 1
265 1
266 293238678
267 284237194
268 75085731
269 73258245
270 0
271 0
272 3
273 6
274 83555300
275 81093148
276 16620067
277 16157986
278 1
279 4
280 6659938
281 6449294
282 0
283 0
284 0
285 0
286 2575744
287 2567419
288 0
289 2
290 3958069
291 3879491
292 898034
293 868537
294 0
295 0
296 213793
297 212102
298 0
299 0
300 0
301 0
302 184012
303 169681
304 187848
305 170022
306 0
307 0
308 0
309 0
310 74487
311 63463
312 0
313 0
314 30339
315 25405
316 19404
317 14579
318 0
319 0
320 0
321 0
322 14806
323 14188
324 5103
325 5097
326 0
327 0
328 3026
329 2709
330 0
331 0
332 0
333 0
334 1387
335 1317
336 765
337 811
338 0
339 0
340 0
341 0
342 388
343 421
344 0
345 0
346 284
347 266
348 152
349 128
350 0
351 0
352 68
353 82
354 0
355 0
356 0
357 0
358 53
359 44
360 0
361 0
362 22
363 35
364 16
365 10
366 0
367 0
368 0
369 0
370 2
371 5
372 4
373 4
374 0
375 0
376 5
377 2
378 0
379 0
380 0
381 0
382 3
383 0
384 0
385 0
386 4
387 1
388 1
389 1
390 0
391 0
392 1
