0 12
1 18
2 187
3 198
4 119
5 118
6 28
7 28
8 171
9 147
10 22
11 18
12 53
13 58
14 110
15 103
16 271
17 252
18 16
19 16
20 60
21 56
22 141
23 147
24 28
25 38
26 186
27 194
28 135
29 134
30 31
31 32
32 138
33 134
34 23
35 15
36 35
37 35
38 153
39 165
40 50
41 41
42 108
43 113
44 153
45 139
46 11
47 10
48 25
49 35
50 41
51 36
52 62
53 52
54 21
55 12
56 46
57 45
58 17
59 26
60 22
61 23
62 50
63 44
64 125
65 103
66 12
67 12
68 23
69 22
70 69
71 60
72 12
73 19
74 82
75 71
76 48
77 61
78 14
79 16
80 18
81 12
82 62
83 84
84 54
85 65
86 14
87 17
88 62
89 50
90 7
91 5
92 8
93 9
94 38
95 45
96 25
97 19
98 60
99 67
100 53
101 47
102 15
103 14
104 51
105 31
106 7
107 7
108 13
109 13
110 37
111 31
112 27
113 24
114 13
115 16
116 32
117 24
118 23
119 24
120 12
121 13
122 10
123 14
124 20
125 20
126 15
127 6
128 86
129 68
130 6
131 4
132 11
133 11
134 50
135 62
136 9
137 11
138 25
139 27
140 18
141 25
142 5
143 4
144 13
145 17
146 45
147 52
148 53
149 56
150 8
151 6
152 30
153 34
154 10
155 5
156 14
157 13
158 28
159 28
160 8
161 6
162 11
163 23
164 12
165 16
166 4
167 3
168 6
169 9
170 2
171 2
172 9
173 4
174 6
175 6
176 13
177 16
178 11
179 6
180 18
181 12
182 5
183 12
184 6
185 1
186 4
187 1
188 2
189 6
190 0
191 2
192 3
193 3
194 2
195 4
196 3
197 3
198 0
199 1
200 0
201 2
202 1
203 0
204 1
205 2
206 0
207 1
208 0
209 1
