0 12
1 18
2 49772
3 50036
4 25895
5 24975
6 28
7 28
8 64255
9 64679
10 23
11 19
12 53
13 58
14 58738
15 58261
16 51063
17 49702
18 17
19 16
20 60
21 56
22 53938
23 53096
24 28
25 38
26 74261
27 73343
28 72266
29 71482
30 31
31 32
32 57039
33 57141
34 24
35 16
36 37
37 35
38 61690
39 61600
40 50
41 42
42 53581
43 53469
44 54651
45 54461
46 12
47 10
48 28
49 36
50 52816
51 52620
52 51044
53 51128
54 22
55 12
56 48112
57 48211
58 17
59 26
60 22
61 23
62 45229
63 44934
64 167727
65 167618
66 14
67 13
68 31
69 29
70 156953
71 156944
72 13
73 21
74 111030
75 111251
76 103459
77 102978
78 16
79 21
80 22
81 15
82 156926
83 157261
84 145893
85 146588
86 16
87 17
88 102930
89 102852
90 9
91 7
92 11
93 11
94 95330
95 95397
96 28
97 25
98 96817
99 96924
100 90650
101 91028
102 18
103 15
104 65647
105 65545
106 10
107 8
108 16
109 15
110 61242
111 61634
112 79002
113 78617
114 14
115 17
116 34
117 35
118 72649
119 72070
120 15
121 15
122 52943
123 52816
124 49936
125 50092
126 15
127 9
128 153701
129 153817
130 7
131 8
132 13
133 19
134 139276
135 139458
136 13
137 16
138 95379
139 95516
140 84886
141 85522
142 7
143 4
144 19
145 20
146 126634
147 127076
148 114984
149 115773
150 11
151 6
152 77184
153 77950
154 11
155 10
156 19
157 21
158 69423
159 69890
160 25
161 18
162 59028
163 59150
164 51985
165 52738
166 9
167 6
168 40085
169 39852
170 5
171 4
172 14
173 9
174 35682
175 36010
176 50636
177 50794
178 14
179 11
180 25
181 15
182 43581
183 43386
184 11
185 5
186 33276
187 33313
188 29913
189 30041
190 2
191 2
192 10
193 10
194 16309
195 16142
196 14783
197 14564
198 3
199 6
200 13844
201 13741
202 3
203 3
204 3
205 5
206 13002
207 12689
208 14617
209 14752
210 3
211 4
212 10
213 11
214 12849
215 12990
216 6
217 2
218 12466
219 12580
220 11364
221 11292
222 1
223 3
224 11080
225 11061
226 2
227 2
228 4
229 4
230 10339
231 10358
232 3
233 3
234 10296
235 10249
236 9312
237 9655
238 3
239 3
240 5
241 9
242 9886
243 9926
244 9180
245 9332
246 4
247 2
248 8905
249 8977
250 3
251 2
252 3
253 1
254 8658
255 8732
256 200460
257 182089
258 0
259 0
260 8
261 11
262 69284
263 67427
264 1
265 1
266 35454
267 34638
268 8875
269 8823
270 0
271 0
272 3
273 6
274 10093
275 9773
276 2020
277 1927
278 1
279 4
280 858
281 776
282 0
283 0
284 0
285 0
286 317
287 326
288 0
289 2
290 487
291 477
292 109
293 97
294 0
295 0
296 32
297 20
298 0
299 0
300 0
301 0
302 24
303 17
304 16
305 17
306 0
307 0
308 0
309 0
310 10
311 10
312 0
313 0
314 2
315 5
316 0
317 0
318 0
319 0
320 0
321 0
322 2
323 1
