0 12
1 18
2 51361252
3 51344237
4 26067829
5 25685304
6 28
7 28
8 66219371
9 66136970
10 23
11 19
12 53
13 58
14 60156121
15 59986089
16 51879461
17 51181213
18 17
19 16
20 60
21 56
22 55275433
23 54659517
24 28
25 38
26 76317752
27 76009064
28 74195087
29 73850604
30 31
31 32
32 58532626
33 58014098
34 24
35 16
36 37
37 35
38 62328255
39 62357776
40 50
41 42
42 54938874
43 54797445
44 55576956
45 55496236
46 12
47 10
48 28
49 36
50 54880872
51 54955324
52 52813536
53 52884003
54 22
55 12
56 49612226
57 49570891
58 17
59 26
60 22
61 23
62 46357643
63 46327110
64 171508384
65 171582467
66 14
67 13
68 31
69 29
70 160627847
71 160663699
72 13
73 21
74 114206133
75 114192505
76 106169008
77 106189213
78 16
79 21
80 22
81 15
82 159581427
83 159623885
84 148246159
85 148295231
86 16
87 17
88 105086116
89 105052919
90 9
91 7
92 11
93 11
94 97435888
95 97399787
96 28
97 25
98 99084720
99 99100117
100 93164953
101 93183179
102 18
103 15
104 67133047
105 67123968
106 10
107 8
108 16
109 15
110 62755230
111 62745933
112 80469509
113 80526406
114 14
115 17
116 34
117 35
118 74181816
119 74201381
120 15
121 15
122 54072226
123 54051352
124 51125341
125 51144652
126 15
127 9
128 157626987
129 157702653
130 7
131 8
132 13
133 19
134 142838223
135 142830641
136 13
137 16
138 97903831
139 97912611
140 87832615
141 87838160
142 7
143 4
144 19
145 20
146 129439075
147 129440994
148 117948738
149 117980588
150 11
151 6
152 78623192
153 78610856
154 11
155 10
156 19
157 21
158 70879124
159 70865522
160 25
161 18
162 60740506
163 60742384
164 53468789
165 53496313
166 9
167 6
168 40952848
169 40971312
170 5
171 4
172 14
173 9
174 36826264
175 36825854
176 51739372
177 51754713
178 14
179 11
180 25
181 15
182 44806362
183 44812554
184 11
185 5
186 34057466
187 34074700
188 30422736
189 30428174
190 2
191 2
192 10
193 10
194 16701404
195 16701267
196 15211743
197 15205099
198 3
199 6
200 14312167
201 14311976
202 3
203 3
204 3
205 5
206 13158053
207 13148289
208 15157440
209 15163615
210 3
211 4
212 10
213 11
214 13305466
215 13310799
216 6
217 2
218 12835821
219 12834950
220 11653969
221 11648012
222 1
223 3
224 11562640
225 11565402
226 2
227 2
228 4
229 4
230 10726038
231 10723222
232 3
233 3
234 10511512
235 10516130
236 9639076
237 9640803
238 3
239 3
240 5
241 9
242 10088881
243 10091624
244 9397617
245 9396051
246 4
247 2
248 9274832
249 9277403
250 3
251 2
252 3
253 1
254 8729061
255 8735711
256 205768231
257 187617245
258 0
259 0
260 8
261 11
262 71038757
263 69822840
264 1
265 1
266 36653161
267 35531543
268 9388800
269 9159878
270 0
271 0
272 3
273 6
274 10438768
275 10134527
276 2077631
277 2020365
278 1
279 4
280 831470
281 805452
282 0
283 0
284 0
285 0
286 321857
287 319931
288 0
289 2
290 495386
291 483476
292 112715
293 109052
294 0
295 0
296 26581
297 26643
298 0
299 0
300 0
301 0
302 23148
303 21322
304 23444
305 20989
306 0
307 0
308 0
309 0
310 9363
311 7994
312 0
313 0
314 3886
315 3225
316 2503
317 1810
318 0
319 0
320 0
321 0
322 1945
323 1781
324 654
325 679
326 0
327 0
328 390
329 403
330 0
331 0
332 0
333 0
334 173
335 170
336 98
337 102
338 0
339 0
340 0
341 0
342 47
343 44
344 0
345 0
346 32
347 41
348 27
349 20
350 0
351 0
352 11
353 7
354 0
355 0
356 0
357 0
358 8
359 7
360 0
361 0
362 2
363 8
364 3
365 2
366 0
367 0
368 0
369 0
370 0
371 1
372 0
373 1
374 0
375 0
376 2
377 0
378 0
379 0
380 0
381 0
382 1
383 0
384 0
385 0
386 1
