0 1
1 79959214205
2 10
3 79908484509
4 46657185305
5 8
6 46524505968
7 5
8 130948759449
9 5
10 130859157498
11 2
12 6
13 90190663735
14 3
15 90091583641
16 77759975838
17 1
18 76495615496
19 0
20 8
21 45269763971
22 10
23 45185247201
24 0
25 22987374541
26 0
27 22878852979
28 14322787477
29 0
30 14393463783
31 0
32 47671082620
33 0
34 26415794219
35 0
36 0
37 4745994709
38 0
39 4095058579
40 0
41 1116395438
42 0
43 654680417
44 143248645
45 0
46 134541141
47 0
48 0
49 64456467
50 0
51 31313092
52 1685199
53 0
54 1309773
55 0
56 3303403
57 0
58 121237
59 0
60 0
61 5506
62 0
63 1233
64 443
