0 1
1 9995059867
2 10
3 9988766953
4 5831967454
5 8
6 5815475735
7 5
8 16368921819
9 5
10 16357564145
11 2
12 6
13 11273973698
14 3
15 11261380409
16 9720264318
17 1
18 9561927445
19 0
20 8
21 5658669375
22 10
23 5647993184
24 0
25 2873182337
26 0
27 2859835907
28 1790192034
29 0
30 1799116739
31 0
32 5958814523
33 0
34 3301887474
35 0
36 0
37 593239128
38 0
39 511843966
40 0
41 139546361
42 0
43 81839580
44 17892678
45 0
46 16821997
47 0
48 0
49 8056986
50 0
51 3915395
52 211268
53 0
54 164240
55 0
56 412587
57 0
58 14943
59 0
60 0
61 661
62 0
63 163
64 44
