0 1
1 1249407868
2 10
3 1248567384
4 729030101
5 8
6 727003660
7 5
8 2046118924
9 5
10 2044631801
11 2
12 6
13 1409229719
14 3
15 1407618001
16 1214949496
17 1
18 1195106664
19 0
20 8
21 707322818
22 10
23 706002702
24 0
25 359232004
26 0
27 357525548
28 223768599
29 0
30 224922751
31 0
32 744885247
33 0
34 412770832
35 0
36 0
37 74177615
38 0
39 63993152
40 0
41 17439276
42 0
43 10226308
44 2234897
45 0
46 2105489
47 0
48 0
49 1007774
50 0
51 490036
52 26086
53 0
54 20602
55 0
56 51777
57 0
58 1873
59 0
60 0
61 87
62 0
63 27
64 7
