0 1
1 156152622
2 10
3 156036360
4 91132321
5 8
6 90898717
7 5
8 255749821
9 5
10 255570407
11 2
12 6
13 176172696
14 3
15 175974887
16 151860388
17 1
18 149402549
19 0
20 8
21 88432166
22 10
23 88256289
24 0
25 44898681
26 0
27 44690699
28 27977388
29 0
30 28124341
31 0
32 93094011
33 0
34 51597412
35 0
36 0
37 9265053
38 0
39 8000247
40 0
41 2178291
42 0
43 1277979
44 279145
45 0
46 262433
47 0
48 0
49 125455
50 0
51 60822
52 3242
53 0
54 2514
55 0
56 6413
57 0
58 229
59 0
60 0
61 5
62 0
63 4
64 2
