0 1
1 159917905560
2 10
3 159816785807
4 93313286176
5 8
6 93048291542
7 5
8 261897906392
9 5
10 261717552212
11 2
12 6
13 180382228827
14 3
15 180183474297
16 155521360666
17 1
18 152991607836
19 0
20 8
21 90540282924
22 10
23 90370670325
24 0
25 45974466144
26 0
27 45757872885
28 28645293645
29 0
30 28786873255
31 0
32 95342076979
33 0
34 52831215995
35 0
36 0
37 9492015699
38 0
39 8190131093
40 0
41 2232697549
42 0
43 1309311682
44 286505325
45 0
46 269060828
47 0
48 0
49 128904039
50 0
51 62627107
52 3370482
53 0
54 2619091
55 0
56 6604387
57 0
58 242315
59 0
60 0
61 11057
62 0
63 2480
64 892
