0 1
1 19990286036
2 10
3 19977540589
4 11664171230
5 8
6 11631074759
7 5
8 32737152274
9 5
10 32714537266
11 2
12 6
13 22547155436
14 3
15 22522292584
16 19439832090
17 1
18 19123710180
19 0
20 8
21 11317452245
22 10
23 11296288668
24 0
25 5746928630
26 0
27 5719993224
28 3580679279
29 0
30 3598400893
31 0
32 11918056782
33 0
34 6604231337
35 0
36 0
37 1186553033
38 0
39 1023786464
40 0
41 279102117
42 0
43 163674792
44 35802471
45 0
46 33646191
47 0
48 0
49 16118316
50 0
51 7831332
52 422835
53 0
54 328579
55 0
56 825308
57 0
58 30149
59 0
60 0
61 1398
62 0
63 296
64 102
