0 1
1 2498681988
2 10
3 2497105939
4 1457988900
5 8
6 1453916803
7 5
8 4092352248
9 5
10 4089399234
11 2
12 6
13 2818608851
14 3
15 2815358663
16 2430037568
17 1
18 2390385697
19 0
20 8
21 1414675838
22 10
23 1412012516
24 0
25 718311214
26 0
27 714941072
28 447528901
29 0
30 449811276
31 0
32 1489633784
33 0
34 825503040
35 0
36 0
37 148300782
38 0
39 127965099
40 0
41 34886146
42 0
43 20463153
44 4470137
45 0
46 4205236
47 0
48 0
49 2014921
50 0
51 978314
52 52634
53 0
54 41182
55 0
56 103270
57 0
58 3690
59 0
60 0
61 160
62 0
63 43
64 10
