0 1
1 312295283
2 10
3 312102998
4 182252616
5 8
6 181761934
7 5
8 511512684
9 5
10 511163915
11 2
12 6
13 352335490
14 3
15 351944970
16 303740626
17 1
18 298824259
19 0
20 8
21 176863915
22 10
23 176517178
24 0
25 89786660
26 0
27 89370637
28 55945166
29 0
30 56226093
31 0
32 186194125
33 0
34 103194202
35 0
36 0
37 18537817
38 0
39 15998330
40 0
41 4359529
42 0
43 2556634
44 558372
45 0
46 525762
47 0
48 0
49 251309
50 0
51 121879
52 6425
53 0
54 5057
55 0
56 12873
57 0
58 469
59 0
60 0
61 21
62 0
63 6
64 3
