0 1
1 39979830610
2 10
3 39954714355
4 23328704561
5 8
6 23262494014
7 5
8 65474138036
9 5
10 65429140676
11 2
12 6
13 45094870571
14 3
15 45045307932
16 38879513519
17 1
18 38247418677
19 0
20 8
21 22634730122
22 10
23 22592679669
24 0
25 11493888436
26 0
27 11439728394
28 7161430198
29 0
30 7196884099
31 0
32 23835948740
33 0
34 13208229861
35 0
36 0
37 2373065706
38 0
39 2047540008
40 0
41 558204581
42 0
43 327345910
44 71616187
45 0
46 67279498
47 0
48 0
49 32236352
50 0
51 15658614
52 844136
53 0
54 655325
55 0
56 1650809
57 0
58 60637
59 0
60 0
61 2764
62 0
63 615
64 217
