0 1
1 4997560599
2 10
3 4994402770
4 2916026571
5 8
6 2907750335
7 5
8 8184498653
9 5
10 8178803254
11 2
12 6
13 5636992318
14 3
15 5630550583
16 4860082976
17 1
18 4780850556
19 0
20 8
21 2829291998
22 10
23 2823975463
24 0
25 1436671103
26 0
27 1429917561
28 895113171
29 0
30 899593055
31 0
32 2979382911
33 0
34 1650985340
35 0
36 0
37 296615909
38 0
39 255947955
40 0
41 69779985
42 0
43 40933084
44 8946089
45 0
46 8412639
47 0
48 0
49 4031957
50 0
51 1957789
52 105602
53 0
54 82331
55 0
56 206308
57 0
58 7386
59 0
60 0
61 316
62 0
63 87
64 23
