0 1
1 624675701
2 10
3 624277864
4 364538946
5 8
6 363551347
7 5
8 1023032091
9 5
10 1022273892
11 2
12 6
13 704616635
14 3
15 703800065
16 607454092
17 1
18 597552727
19 0
20 8
21 353679148
22 10
23 352995200
24 0
25 179621769
26 0
27 178779996
28 111903702
29 0
30 112469466
31 0
32 372426340
33 0
34 206384183
35 0
36 0
37 37092047
38 0
39 32002000
40 0
41 8722692
42 0
43 5115087
44 1118042
45 0
46 1052551
47 0
48 0
49 504108
50 0
51 244971
52 12895
53 0
54 10199
55 0
56 25779
57 0
58 941
59 0
60 0
61 36
62 0
63 16
64 5
