0 13
1 25
2 31008
3 31761
4 31235
5 31511
6 24
7 2
8 33380
9 33075
10 3
11 3
12 12
13 10
14 33317
15 33082
16 35968
17 36062
18 7
19 5
20 13
21 7
22 33301
23 33433
24 1
25 4
26 33822
27 33615
28 31040
29 30902
30 3
31 0
32 7175
33 6941
34 27
35 29
36 17
37 20
38 7491
39 7543
40 27
41 20
42 6644
43 6660
44 7224
45 7226
46 17
47 18
48 23
49 14
50 7280
51 7078
52 7040
53 6921
54 13
55 19
56 6544
57 6617
58 21
59 25
60 14
61 13
62 6457
63 6328
64 44545
65 43814
66 4
67 3
68 7
69 2
70 33997
71 34087
72 5
73 1
74 36076
75 35840
76 25144
77 25207
78 0
79 0
80 0
81 2
82 17930
83 17619
84 12504
85 12280
86 0
87 0
88 11406
89 10798
90 0
91 0
92 0
93 0
94 7201
95 7095
96 2
97 2
98 390
99 368
100 415
101 420
102 1
103 2
104 295
105 337
106 2
107 0
108 1
109 0
110 387
111 368
112 498
113 540
114 0
115 2
116 0
117 1
118 505
119 492
120 0
121 0
122 439
123 430
124 472
125 452
126 0
127 1
128 18311
129 5243
130 1
131 0
132 0
133 0
134 2048
135 1884
136 0
137 0
138 507
139 46
140 10
141 7
