0 13
1 25
2 31040829
3 31444557
4 31476731
5 31470218
6 24
7 2
8 33617350
9 33657313
10 3
11 3
12 12
13 10
14 33658377
15 33696910
16 37230995
17 37354645
18 7
19 5
20 13
21 7
22 34561145
23 34519245
24 1
25 4
26 34846754
27 34872871
28 32054840
29 32069688
30 3
31 0
32 7302853
33 7300362
34 27
35 29
36 17
37 20
38 7840402
39 7842825
40 27
41 20
42 6952633
43 6925619
44 7390934
45 7375427
46 17
47 18
48 23
49 14
50 7515899
51 7500084
52 7374259
53 7371775
54 13
55 19
56 6750759
57 6743648
58 21
59 25
60 14
61 13
62 6625616
63 6634279
64 45834760
65 45709383
66 4
67 3
68 7
69 2
70 35303230
71 35330103
72 5
73 1
74 37118731
75 36991737
76 25709524
77 25661541
78 0
79 0
80 0
81 2
82 18073460
83 17921477
84 12649759
85 12524020
86 0
87 0
88 11351549
89 11111500
90 0
91 0
92 0
93 0
94 7225095
95 7131811
96 2
97 2
98 378902
99 379165
100 432694
101 431669
102 1
103 2
104 332655
105 332191
106 2
107 0
108 1
109 0
110 375314
111 374709
112 513144
113 513841
114 0
115 2
116 0
117 1
118 516215
119 515522
120 0
121 0
122 445214
123 446311
124 457318
125 455668
126 0
127 1
128 18612490
129 5166325
130 1
131 0
132 0
133 0
134 1951641
135 1876790
136 0
137 0
138 499009
139 55584
140 7748
141 2937
142 0
143 0
144 0
145 0
146 520
147 204
148 22
149 11
150 0
151 0
152 1
