0 13
1 25
2 3962
3 4272
4 4011
5 4119
6 24
7 2
8 4371
9 4313
10 3
11 3
12 12
13 10
14 4233
15 4358
16 4630
17 4578
18 7
19 5
20 13
21 7
22 4258
23 4242
24 1
25 4
26 4315
27 4132
28 3962
29 3879
30 3
31 0
32 797
33 813
34 27
35 29
36 17
37 20
38 825
39 838
40 27
41 20
42 794
43 769
44 813
45 828
46 17
47 18
48 23
49 14
50 791
51 798
52 798
53 853
54 13
55 19
56 746
57 790
58 21
59 25
60 14
61 13
62 786
63 742
64 5567
65 5468
66 4
67 3
68 7
69 2
70 4198
71 4272
72 5
73 1
74 4591
75 4386
76 3109
77 3027
78 0
79 0
80 0
81 2
82 2135
83 2109
84 1530
85 1436
86 0
87 0
88 1360
89 1289
90 0
91 0
92 0
93 0
94 799
95 831
96 2
97 2
98 60
99 48
100 49
101 52
102 1
103 2
104 33
105 42
106 2
107 0
108 1
109 0
110 54
111 39
112 57
113 57
114 0
115 2
116 0
117 1
118 57
119 49
120 0
121 0
122 55
123 39
124 65
125 67
126 0
127 1
128 2175
129 581
130 1
131 0
132 0
133 0
134 217
135 211
136 0
137 0
138 51
139 1
140 2
