0 13
1 25
2 3877556
3 3926596
4 3929470
5 3932667
6 24
7 2
8 4199986
9 4205475
10 3
11 3
12 12
13 10
14 4211633
15 4211056
16 4654636
17 4669600
18 7
19 5
20 13
21 7
22 4323048
23 4319819
24 1
25 4
26 4358835
27 4360799
28 4011217
29 4011284
30 3
31 0
32 914177
33 914510
34 27
35 29
36 17
37 20
38 979390
39 981968
40 27
41 20
42 870034
43 865821
44 924029
45 921238
46 17
47 18
48 23
49 14
50 940800
51 939256
52 920753
53 921321
54 13
55 19
56 845211
57 844258
58 21
59 25
60 14
61 13
62 827471
63 828982
64 5731845
65 5714966
66 4
67 3
68 7
69 2
70 4416217
71 4423469
72 5
73 1
74 4634620
75 4623000
76 3213256
77 3208132
78 0
79 0
80 0
81 2
82 2257220
83 2238819
84 1580745
85 1564493
86 0
87 0
88 1415299
89 1386358
90 0
91 0
92 0
93 0
94 902846
95 889571
96 2
97 2
98 47374
99 47304
100 53898
101 53610
102 1
103 2
104 41706
105 41463
106 2
107 0
108 1
109 0
110 46739
111 46875
112 63843
113 64522
114 0
115 2
116 0
117 1
118 64079
119 64006
120 0
121 0
122 55380
123 55359
124 57036
125 56807
126 0
127 1
128 2323792
129 642979
130 1
131 0
132 0
133 0
134 243079
135 233159
136 0
137 0
138 62214
139 6856
140 949
141 365
142 0
143 0
144 0
145 0
146 66
147 25
148 2
149 1
