0 13
1 25
2 3969907212
3 4024382317
4 4026734143
5 4025399261
6 24
7 2
8 4303238638
9 4306837462
10 3
11 3
12 12
13 10
14 4306158274
15 4313936040
16 4764634406
17 4782221103
18 7
19 5
20 13
21 7
22 4426029815
23 4419046478
24 1
25 4
26 4461714240
27 4461970419
28 4103394303
29 4106198357
30 3
31 0
32 935387557
33 936137758
34 27
35 29
36 17
37 20
38 1004244963
39 1003167463
40 27
41 20
42 890528015
43 886356680
44 946050457
45 944714173
46 17
47 18
48 23
49 14
50 962831697
51 960828153
52 944723015
53 944108189
54 13
55 19
56 864121591
57 863741843
58 21
59 25
60 14
61 13
62 848209179
63 848783793
64 5867388314
65 5852271120
66 4
67 3
68 7
69 2
70 4520679337
71 4522579383
72 5
73 1
74 4751451099
75 4735156547
76 3292226360
77 3285014652
78 0
79 0
80 0
81 2
82 2312032185
83 2294395993
84 1619303957
85 1602032919
86 0
87 0
88 1453223558
89 1421702462
90 0
91 0
92 0
93 0
94 924278402
95 912406841
96 2
97 2
98 48538261
99 48610237
100 55370464
101 55276403
102 1
103 2
104 42649687
105 42506162
106 2
107 0
108 1
109 0
110 48027972
111 47941322
112 65639696
113 65620064
114 0
115 2
116 0
117 1
118 66028220
119 65998770
120 0
121 0
122 56931370
123 57017367
124 58549920
125 58355180
126 0
127 1
128 2381436802
129 660473761
130 1
131 0
132 0
133 0
134 249841762
135 239842539
136 0
137 0
138 63900447
139 7065619
140 981577
141 372660
142 0
143 0
144 0
145 0
146 67278
147 24973
148 3116
149 940
150 0
151 0
152 262
153 29
154 0
155 0
156 0
157 0
158 1
