0 13
1 25
2 659
3 732
4 633
5 622
6 24
7 2
8 689
9 716
10 3
11 3
12 12
13 10
14 644
15 636
16 649
17 631
18 7
19 5
20 13
21 7
22 554
23 573
24 1
25 4
26 549
27 527
28 488
29 480
30 3
31 0
32 72
33 59
34 27
35 29
36 17
37 20
38 65
39 72
40 26
41 20
42 50
43 67
44 54
45 46
46 16
47 18
48 23
49 14
50 54
51 68
52 60
53 68
54 13
55 19
56 68
57 70
58 21
59 25
60 14
61 12
62 53
63 57
64 597
65 635
66 4
67 3
68 7
69 2
70 522
71 494
72 5
73 1
74 449
75 446
76 319
77 310
78 0
79 0
80 0
81 2
82 206
83 225
84 149
85 134
86 0
87 0
88 104
89 114
90 0
91 0
92 0
93 0
94 72
95 71
96 2
97 2
98 10
99 5
100 5
101 4
102 1
103 2
104 4
105 3
106 2
107 0
108 1
109 0
110 5
111 4
112 9
113 2
114 0
115 1
116 0
117 1
118 4
119 7
120 0
121 0
122 1
123 5
124 4
125 5
126 0
127 1
128 161
129 25
130 1
131 0
132 0
133 0
134 9
135 15
136 0
137 0
138 1
