0 13
1 25
2 485433
3 491488
4 492034
5 492893
6 24
7 2
8 523418
9 524866
10 3
11 3
12 12
13 10
14 527681
15 526247
16 582146
17 583790
18 7
19 5
20 13
21 7
22 539943
23 540077
24 1
25 4
26 543913
27 545248
28 502169
29 501553
30 3
31 0
32 114389
33 113800
34 27
35 29
36 17
37 20
38 122491
39 122547
40 27
41 20
42 108687
43 108685
44 115769
45 114859
46 17
47 18
48 23
49 14
50 117651
51 116768
52 114683
53 114740
54 13
55 19
56 105060
57 106173
58 21
59 25
60 14
61 13
62 103158
63 103800
64 716288
65 714862
66 4
67 3
68 7
69 2
70 550222
71 550988
72 5
73 1
74 579871
75 578864
76 401686
77 400577
78 0
79 0
80 0
81 2
82 282714
83 279488
84 197118
85 196193
86 0
87 0
88 177724
89 173366
90 0
91 0
92 0
93 0
94 112741
95 111602
96 2
97 2
98 5934
99 6046
100 6626
101 6714
102 1
103 2
104 5175
105 5236
106 2
107 0
108 1
109 0
110 5769
111 5818
112 8012
113 8256
114 0
115 2
116 0
117 1
118 7911
119 7976
120 0
121 0
122 6910
123 6961
124 7135
125 7116
126 0
127 1
128 290286
129 80329
130 1
131 0
132 0
133 0
134 30415
135 28897
136 0
137 0
138 7706
139 839
140 133
141 59
142 0
143 0
144 0
145 0
146 4
147 2
