0 13
1 25
2 496277687
3 503034728
4 503344340
5 503214943
6 24
7 2
8 537886473
9 538405883
10 3
11 3
12 12
13 10
14 538289521
15 539212521
16 595563042
17 597730722
18 7
19 5
20 13
21 7
22 553234447
23 552358758
24 1
25 4
26 557672695
27 557763644
28 512934455
29 513218706
30 3
31 0
32 116903905
33 116999700
34 27
35 29
36 17
37 20
38 125547177
39 125416190
40 27
41 20
42 111309859
43 110801235
44 118256251
45 118103772
46 17
47 18
48 23
49 14
50 120359670
51 120094365
52 118079999
53 118010546
54 13
55 19
56 108006447
57 107971802
58 21
59 25
60 14
61 13
62 106000074
63 106093508
64 733450138
65 731522816
66 4
67 3
68 7
69 2
70 565021557
71 565309143
72 5
73 1
74 593910783
75 591915620
76 411511377
77 410612113
78 0
79 0
80 0
81 2
82 289044367
83 286780479
84 202421752
85 200274096
86 0
87 0
88 181666686
89 177728716
90 0
91 0
92 0
93 0
94 115557974
95 114053274
96 2
97 2
98 6067304
99 6077626
100 6921407
101 6910958
102 1
103 2
104 5331602
105 5316107
106 2
107 0
108 1
109 0
110 6007369
111 5994383
112 8211319
113 8203748
114 0
115 2
116 0
117 1
118 8251228
119 8252997
120 0
121 0
122 7118932
123 7131465
124 7316329
125 7298312
126 0
127 1
128 297711467
129 82583855
130 1
131 0
132 0
133 0
134 31230844
135 29996772
136 0
137 0
138 7989637
139 885166
140 122712
141 46969
142 0
143 0
144 0
145 0
146 8502
147 3183
148 400
149 122
150 0
151 0
152 21
153 4
