0 13
1 25
2 61117
3 62233
4 61788
5 62117
6 24
7 2
8 66097
9 65841
10 3
11 3
12 12
13 10
14 65950
15 66160
16 73031
17 72814
18 7
19 5
20 13
21 7
22 67210
23 67420
24 1
25 4
26 68218
27 67753
28 62676
29 62304
30 3
31 0
32 14300
33 14023
34 27
35 29
36 17
37 20
38 15198
39 15116
40 27
41 20
42 13221
43 13385
44 14371
45 14428
46 17
47 18
48 23
49 14
50 14460
51 14330
52 14173
53 14082
54 13
55 19
56 12987
57 13298
58 21
59 25
60 14
61 13
62 12916
63 12646
64 89801
65 88754
66 4
67 3
68 7
69 2
70 68452
71 68776
72 5
73 1
74 72343
75 72141
76 50450
77 50530
78 0
79 0
80 0
81 2
82 35366
83 35184
84 24566
85 24796
86 0
87 0
88 22312
89 21351
90 0
91 0
92 0
93 0
94 14129
95 13895
96 2
97 2
98 722
99 733
100 806
101 795
102 1
103 2
104 589
105 651
106 2
107 0
108 1
109 0
110 750
111 710
112 1002
113 1025
114 0
115 2
116 0
117 1
118 1022
119 1008
120 0
121 0
122 871
123 869
124 928
125 880
126 0
127 1
128 36252
129 10134
130 1
131 0
132 0
133 0
134 3835
135 3522
136 0
137 0
138 923
139 102
140 18
141 8
