0 13
1 25
2 62064019
3 62886760
4 62940030
5 62922659
6 24
7 2
8 67232048
9 67296925
10 3
11 3
12 12
13 10
14 67291429
15 67396482
16 74445515
17 74706313
18 7
19 5
20 13
21 7
22 69131747
23 69032158
24 1
25 4
26 69707686
27 69727017
28 64109604
29 64160914
30 3
31 0
32 14610230
33 14618378
34 27
35 29
36 17
37 20
38 15693050
39 15684376
40 27
41 20
42 13907827
43 13847050
44 14776614
45 14757638
46 17
47 18
48 23
49 14
50 15036228
51 15007343
52 14752316
53 14749374
54 13
55 19
56 13500972
57 13494243
58 21
59 25
60 14
61 13
62 13245667
63 13270287
64 91672813
65 91430689
66 4
67 3
68 7
69 2
70 70608820
71 70653737
72 5
73 1
74 74248757
75 73987804
76 51427079
77 51322447
78 0
79 0
80 0
81 2
82 36139223
83 35849480
84 25310812
85 25040807
86 0
87 0
88 22714590
89 22219226
90 0
91 0
92 0
93 0
94 14447386
95 14264899
96 2
97 2
98 758412
99 758955
100 865102
101 864875
102 1
103 2
104 666491
105 664068
106 2
107 0
108 1
109 0
110 750897
111 748906
112 1026919
113 1025966
114 0
115 2
116 0
117 1
118 1032074
119 1031188
120 0
121 0
122 891566
123 891973
124 914468
125 912392
126 0
127 1
128 37214541
129 10331811
130 1
131 0
132 0
133 0
134 3907087
135 3750901
136 0
137 0
138 998930
139 111375
140 15374
141 5891
142 0
143 0
144 0
145 0
146 1073
147 390
148 45
149 19
150 0
151 0
152 3
