0 13
1 25
2 7772
3 8191
4 7800
5 8020
6 24
7 2
8 8450
9 8440
10 3
11 3
12 12
13 10
14 8457
15 8494
16 8917
17 9091
18 7
19 5
20 13
21 7
22 8476
23 8350
24 1
25 4
26 8508
27 8291
28 7740
29 7686
30 3
31 0
32 1768
33 1682
34 27
35 29
36 17
37 20
38 1762
39 1854
40 27
41 20
42 1602
43 1595
44 1721
45 1746
46 17
47 18
48 23
49 14
50 1767
51 1677
52 1707
53 1730
54 13
55 19
56 1572
57 1647
58 21
59 25
60 14
61 13
62 1636
63 1520
64 11202
65 11031
66 4
67 3
68 7
69 2
70 8464
71 8490
72 5
73 1
74 9061
75 8975
76 6318
77 6156
78 0
79 0
80 0
81 2
82 4300
83 4366
84 3077
85 2993
86 0
87 0
88 2877
89 2678
90 0
91 0
92 0
93 0
94 1670
95 1747
96 2
97 2
98 109
99 104
100 107
101 109
102 1
103 2
104 65
105 80
106 2
107 0
108 1
109 0
110 96
111 89
112 116
113 128
114 0
115 2
116 0
117 1
118 112
119 116
120 0
121 0
122 118
123 92
124 131
125 136
126 0
127 1
128 4557
129 1254
130 1
131 0
132 0
133 0
134 463
135 470
136 0
137 0
138 121
139 6
140 3
