0 13
1 25
2 7758233
3 7857666
4 7867217
5 7868950
6 24
7 2
8 8400614
9 8412796
10 3
11 3
12 12
13 10
14 8417361
15 8420299
16 9308290
17 9337371
18 7
19 5
20 13
21 7
22 8646218
23 8634385
24 1
25 4
26 8714120
27 8716869
28 8015128
29 8020021
30 3
31 0
32 1827235
33 1828484
34 27
35 29
36 17
37 20
38 1960567
39 1962463
40 27
41 20
42 1739124
43 1731862
44 1847499
45 1843304
46 17
47 18
48 23
49 14
50 1880623
51 1877648
52 1842237
53 1842862
54 13
55 19
56 1691244
57 1687083
58 21
59 25
60 14
61 13
62 1657531
63 1660183
64 11459888
65 11423761
66 4
67 3
68 7
69 2
70 8826279
71 8837388
72 5
73 1
74 9275543
75 9247259
76 6426501
77 6416398
78 0
79 0
80 0
81 2
82 4514568
83 4481316
84 3161304
85 3130874
86 0
87 0
88 2835495
89 2776352
90 0
91 0
92 0
93 0
94 1806015
95 1781983
96 2
97 2
98 95141
99 94632
100 107797
101 108004
102 1
103 2
104 83239
105 82963
106 2
107 0
108 1
109 0
110 93531
111 93683
112 128659
113 128985
114 0
115 2
116 0
117 1
118 128825
119 128306
120 0
121 0
122 111589
123 111054
124 113840
125 113322
126 0
127 1
128 4649020
129 1290670
130 1
131 0
132 0
133 0
134 486840
135 467598
136 0
137 0
138 124207
139 13849
140 1911
141 712
142 0
143 0
144 0
145 0
146 121
147 51
148 6
149 2
