0 13
1 25
2 7939861593
3 8048847100
4 8053629684
5 8050763722
6 24
7 2
8 8606563175
9 8613853423
10 3
11 3
12 12
13 10
14 8612232634
15 8628007184
16 9529433116
17 9564668797
18 7
19 5
20 13
21 7
22 8852358002
23 8838249333
24 1
25 4
26 8923683846
27 8924095150
28 8206828431
29 8212489637
30 3
31 0
32 1870727318
33 1872171138
34 27
35 29
36 17
37 20
38 2008389998
39 2006277886
40 27
41 20
42 1781093587
43 1772657791
44 1892067596
45 1889347536
46 17
47 18
48 23
49 14
50 1925612710
51 1921533402
52 1889349382
53 1888135653
54 13
55 19
56 1728185702
57 1727462422
58 21
59 25
60 14
61 13
62 1696371530
63 1697559050
64 11734693751
65 11704403443
66 4
67 3
68 7
69 2
70 9041467635
71 9045000042
72 5
73 1
74 9502805178
75 9470085314
76 6584394885
77 6570002925
78 0
79 0
80 0
81 2
82 4623942868
83 4588588871
84 3238684992
85 3204006112
86 0
87 0
88 2906418590
89 2843452979
90 0
91 0
92 0
93 0
94 1848540225
95 1824786932
96 2
97 2
98 97090889
99 97218692
100 110738696
101 110551719
102 1
103 2
104 85294791
105 85009447
106 2
107 0
108 1
109 0
110 96030734
111 95875083
112 131276902
113 131256314
114 0
115 2
116 0
117 1
118 132058489
119 132011240
120 0
121 0
122 113860639
123 114049067
124 117099988
125 116697499
126 0
127 1
128 4762846997
129 1320965856
130 1
131 0
132 0
133 0
134 499702859
135 479647202
136 0
137 0
138 127814673
139 14123092
140 1963714
141 745955
142 0
143 0
144 0
145 0
146 135094
147 49880
148 6142
149 1938
150 0
151 0
152 528
153 64
154 0
155 0
156 0
157 0
158 3
