0 13
1 25
2 1107
3 1230
4 1075
5 1127
6 24
7 2
8 1236
9 1318
10 3
11 3
12 12
13 10
14 1198
15 1148
16 1251
17 1242
18 7
19 5
20 13
21 7
22 1124
23 1140
24 1
25 4
26 1078
27 1062
28 1031
29 923
30 3
31 0
32 162
33 150
34 27
35 29
36 17
37 20
38 161
39 159
40 27
41 20
42 153
43 160
44 148
45 130
46 17
47 18
48 23
49 14
50 145
51 168
52 143
53 150
54 13
55 19
56 151
57 156
58 21
59 25
60 14
61 13
62 153
63 142
64 1346
65 1326
66 4
67 3
68 7
69 2
70 1039
71 1055
72 5
73 1
74 1036
75 989
76 713
77 686
78 0
79 0
80 0
81 2
82 487
83 463
84 353
85 341
86 0
87 0
88 278
89 282
90 0
91 0
92 0
93 0
94 185
95 184
96 2
97 2
98 16
99 11
100 11
101 11
102 1
103 2
104 6
105 7
106 2
107 0
108 1
109 0
110 13
111 7
112 11
113 13
114 0
115 2
116 0
117 1
118 7
119 13
120 0
121 0
122 8
123 6
124 11
125 14
126 0
127 1
128 467
129 84
130 1
131 0
132 0
133 0
134 34
135 44
136 0
137 0
138 2
