0 13
1 25
2 968989
3 982279
4 982786
5 983806
6 24
7 2
8 1047030
9 1048987
10 3
11 3
12 12
13 10
14 1052506
15 1051842
16 1163528
17 1167001
18 7
19 5
20 13
21 7
22 1081038
23 1080018
24 1
25 4
26 1089883
27 1091460
28 1004846
29 1002466
30 3
31 0
32 228837
33 228815
34 27
35 29
36 17
37 20
38 245399
39 245794
40 27
41 20
42 217535
43 216879
44 231595
45 230454
46 17
47 18
48 23
49 14
50 235012
51 234658
52 229558
53 229714
54 13
55 19
56 211563
57 212387
58 21
59 25
60 14
61 13
62 207219
63 207977
64 1433036
65 1431130
66 4
67 3
68 7
69 2
70 1103124
71 1103808
72 5
73 1
74 1160361
75 1157490
76 803126
77 802034
78 0
79 0
80 0
81 2
82 564328
83 558754
84 394497
85 391024
86 0
87 0
88 354246
89 345653
90 0
91 0
92 0
93 0
94 225115
95 222435
96 2
97 2
98 11922
99 12001
100 13480
101 13415
102 1
103 2
104 10443
105 10359
106 2
107 0
108 1
109 0
110 11580
111 11574
112 15923
113 16285
114 0
115 2
116 0
117 1
118 15838
119 16134
120 0
121 0
122 13916
123 13936
124 14281
125 14231
126 0
127 1
128 578337
129 161910
130 1
131 0
132 0
133 0
134 60848
135 57847
136 0
137 0
138 15623
139 1669
140 249
141 105
142 0
143 0
144 0
145 0
146 12
147 4
