0 13
1 25
2 992523203
3 1006052901
4 1006707994
5 1006362287
6 24
7 2
8 1075797777
9 1076760758
10 3
11 3
12 12
13 10
14 1076498910
15 1078437817
16 1191138674
17 1195539207
18 7
19 5
20 13
21 7
22 1106499759
23 1104751751
24 1
25 4
26 1115413745
27 1115496081
28 1025865985
29 1026492594
30 3
31 0
32 233822378
33 234013642
34 27
35 29
36 17
37 20
38 251058617
39 250811413
40 27
41 20
42 222605400
43 221600879
44 236523475
45 236200562
46 17
47 18
48 23
49 14
50 240707258
51 240193394
52 236161148
53 236015077
54 13
55 19
56 216009177
57 215924772
58 21
59 25
60 14
61 13
62 212048350
63 212183551
64 1466926516
65 1463081239
66 4
67 3
68 7
69 2
70 1130140314
71 1130630989
72 5
73 1
74 1187860416
75 1183812077
76 823050202
77 821237955
78 0
79 0
80 0
81 2
82 578029325
83 573578827
84 404831078
85 400523517
86 0
87 0
88 363302042
89 355435672
90 0
91 0
92 0
93 0
94 231079036
95 228109939
96 2
97 2
98 12126782
99 12153345
100 13844661
101 13819669
102 1
103 2
104 10663798
105 10631317
106 2
107 0
108 1
109 0
110 12010767
111 11990453
112 16419299
113 16406138
114 0
115 2
116 0
117 1
118 16502481
119 16504732
120 0
121 0
122 14234636
123 14257578
124 14640466
125 14589595
126 0
127 1
128 595392539
129 165153430
130 1
131 0
132 0
133 0
134 62463655
135 59974658
136 0
137 0
138 15976558
139 1769916
140 245678
141 93740
142 0
143 0
144 0
145 0
146 16929
147 6291
148 793
149 237
150 0
151 0
152 52
153 7
