0 13
1 25
2 218
3 330
4 266
5 196
6 24
7 2
8 246
9 255
10 3
11 3
12 12
13 10
14 219
15 196
16 156
17 146
18 7
19 5
20 13
21 7
22 117
23 123
24 1
25 4
26 116
27 106
28 85
29 96
30 3
31 0
32 24
33 21
34 20
35 22
36 11
37 14
38 25
39 28
40 19
41 15
42 8
43 15
44 12
45 7
46 11
47 9
48 16
49 10
50 14
51 15
52 16
53 26
54 11
55 12
56 20
57 19
58 18
59 18
60 6
61 5
62 6
63 12
64 70
65 123
66 4
67 3
68 7
69 2
70 85
71 56
72 5
73 1
74 41
75 61
76 30
77 25
78 0
79 0
80 0
81 2
82 20
83 19
84 11
85 11
86 0
87 0
88 8
89 8
90 0
91 0
92 0
93 0
94 5
95 3
96 0
97 1
98 4
99 1
100 0
101 0
102 1
103 0
104 1
