0 13
1 25
2 122228
3 124239
4 123664
5 124438
6 24
7 2
8 132033
9 132209
10 3
11 3
12 12
13 10
14 132380
15 132123
16 145620
17 145472
18 7
19 5
20 13
21 7
22 134765
23 134920
24 1
25 4
26 136180
27 136066
28 125528
29 124654
30 3
31 0
32 28505
33 27887
34 27
35 29
36 17
37 20
38 30545
39 30341
40 27
41 20
42 26661
43 26755
44 28736
45 28495
46 17
47 18
48 23
49 14
50 29011
51 28549
52 28433
53 28220
54 13
55 19
56 25553
57 26173
58 21
59 25
60 14
61 13
62 25415
63 25594
64 178275
65 177629
66 4
67 3
68 7
69 2
70 136874
71 137286
72 5
73 1
74 144327
75 144314
76 100457
77 100338
78 0
79 0
80 0
81 2
82 70636
83 70160
84 49673
85 49444
86 0
87 0
88 44769
89 43499
90 0
91 0
92 0
93 0
94 28558
95 27997
96 2
97 2
98 1478
99 1548
100 1628
101 1721
102 1
103 2
104 1291
105 1351
106 2
107 0
108 1
109 0
110 1521
111 1450
112 2098
113 2147
114 0
115 2
116 0
117 1
118 2033
119 2014
120 0
121 0
122 1770
123 1749
124 1838
125 1803
126 0
127 1
128 72901
129 20350
130 1
131 0
132 0
133 0
134 7865
135 7350
136 0
137 0
138 1998
139 234
140 36
141 14
