0 13
1 25
2 124100811
3 125784974
4 125877630
5 125823623
6 24
7 2
8 134463763
9 134590926
10 3
11 3
12 12
13 10
14 134570734
15 134787054
16 148873911
17 149405437
18 7
19 5
20 13
21 7
22 138264538
23 138052512
24 1
25 4
26 139401649
27 139430530
28 128216238
29 128300419
30 3
31 0
32 29221740
33 29244476
34 27
35 29
36 17
37 20
38 31388141
39 31365865
40 27
41 20
42 27824961
43 27697462
44 29570521
45 29518372
46 17
47 18
48 23
49 14
50 30086589
51 30019822
52 29509553
53 29500990
54 13
55 19
56 27004463
57 26987406
58 21
59 25
60 14
61 13
62 26506807
63 26537670
64 183336869
65 182867408
66 4
67 3
68 7
69 2
70 141215255
71 141298929
72 5
73 1
74 148495473
75 147980183
76 102855640
77 102660963
78 0
79 0
80 0
81 2
82 72283069
83 71706860
84 50623510
85 50082574
86 0
87 0
88 45422766
89 44452865
90 0
91 0
92 0
93 0
94 28895779
95 28531398
96 2
97 2
98 1517146
99 1519728
100 1731106
101 1728710
102 1
103 2
104 1334116
105 1329702
106 2
107 0
108 1
109 0
110 1503738
111 1498928
112 2051892
113 2052764
114 0
115 2
116 0
117 1
118 2064600
119 2064547
120 0
121 0
122 1782735
123 1784613
124 1830051
125 1827229
126 0
127 1
128 74443032
129 20672100
130 1
131 0
132 0
133 0
134 7818931
135 7502952
136 0
137 0
138 2000922
139 222300
140 30890
141 11870
142 0
143 0
144 0
145 0
146 2124
147 815
148 98
149 32
150 0
151 0
152 7
153 2
