0 13
1 25
2 15324
3 15781
4 15586
5 15667
6 24
7 2
8 16815
9 16447
10 3
11 3
12 12
13 10
14 16722
15 16618
16 17865
17 18032
18 7
19 5
20 13
21 7
22 16681
23 16595
24 1
25 4
26 16895
27 16629
28 15429
29 15427
30 3
31 0
32 3668
33 3458
34 27
35 29
36 17
37 20
38 3703
39 3835
40 27
41 20
42 3295
43 3297
44 3528
45 3579
46 17
47 18
48 23
49 14
50 3713
51 3557
52 3581
53 3549
54 13
55 19
56 3261
57 3335
58 21
59 25
60 14
61 13
62 3320
63 3188
64 22369
65 22046
66 4
67 3
68 7
69 2
70 17039
71 17073
72 5
73 1
74 18073
75 18049
76 12604
77 12602
78 0
79 0
80 0
81 2
82 8916
83 8793
84 6210
85 6103
86 0
87 0
88 5686
89 5428
90 0
91 0
92 0
93 0
94 3545
95 3441
96 2
97 2
98 212
99 202
100 215
101 210
102 1
103 2
104 147
105 169
106 2
107 0
108 1
109 0
110 192
111 181
112 247
113 264
114 0
115 2
116 0
117 1
118 244
119 243
120 0
121 0
122 215
123 203
124 243
125 239
126 0
127 1
128 9175
129 2592
130 1
131 0
132 0
133 0
134 986
135 976
136 0
137 0
138 260
139 21
140 3
141 4
