0 13
1 25
2 15523950
3 15716462
4 15738371
5 15740459
6 24
7 2
8 16806513
9 16830458
10 3
11 3
12 12
13 10
14 16828145
15 16847684
16 18615729
17 18664508
18 7
19 5
20 13
21 7
22 17276452
23 17262826
24 1
25 4
26 17420083
27 17430582
28 16023983
29 16034907
30 3
31 0
32 3651778
33 3652091
34 27
35 29
36 17
37 20
38 3922261
39 3923065
40 27
41 20
42 3475304
43 3464647
44 3694492
45 3687431
46 17
47 18
48 23
49 14
50 3759403
51 3752953
52 3686828
53 3685994
54 13
55 19
56 3378332
57 3374651
58 21
59 25
60 14
61 13
62 3314106
63 3316312
64 22920031
65 22851299
66 4
67 3
68 7
69 2
70 17650067
71 17666736
72 5
73 1
74 18556444
75 18496124
76 12853349
77 12830179
78 0
79 0
80 0
81 2
82 9034901
83 8962373
84 6324945
85 6265987
86 0
87 0
88 5675059
89 5556552
90 0
91 0
92 0
93 0
94 3614811
95 3568035
96 2
97 2
98 189946
99 189328
100 215626
101 216259
102 1
103 2
104 166992
105 165923
106 2
107 0
108 1
109 0
110 187840
111 187352
112 256721
113 257634
114 0
115 2
116 0
117 1
118 258066
119 256975
120 0
121 0
122 223036
123 222825
124 228806
125 227391
126 0
127 1
128 9307762
129 2584850
130 1
131 0
132 0
133 0
134 976890
135 939183
136 0
137 0
138 249760
139 27881
140 3886
141 1468
142 0
143 0
144 0
145 0
146 252
147 102
148 12
149 5
150 0
151 0
152 1
