0 13
1 25
2 15879652673
3 16097862763
4 16107329147
5 16101752495
6 24
7 2
8 17213168719
9 17227801198
10 3
11 3
12 12
13 10
14 17224607663
15 17255865084
16 19058733861
17 19129354318
18 7
19 5
20 13
21 7
22 17704853097
23 17676395585
24 1
25 4
26 17847377094
27 17848231985
28 16413476018
29 16424869567
30 3
31 0
32 3741387558
33 3744311286
34 27
35 29
36 17
37 20
38 4016871712
39 4012575802
40 27
41 20
42 3562084133
43 3545279638
44 3784070354
45 3778628024
46 17
47 18
48 23
49 14
50 3851098131
51 3842996149
52 3778579638
53 3776222087
54 13
55 19
56 3456279809
57 3454912509
58 21
59 25
60 14
61 13
62 3392669328
63 3395024986
64 23469243090
65 23408712345
66 4
67 3
68 7
69 2
70 18082814777
71 18089756244
72 5
73 1
74 19005602996
75 18940202082
76 13168829546
77 13139706644
78 0
79 0
80 0
81 2
82 9247930631
83 9177188172
84 6477492251
85 6408167512
86 0
87 0
88 5813079897
89 5686873778
90 0
91 0
92 0
93 0
94 3697104193
95 3649819825
96 2
97 2
98 194196484
99 194450071
100 221482852
101 221102317
102 1
103 2
104 170591612
105 170007568
106 2
107 0
108 1
109 0
110 192069875
111 191745488
112 262585996
113 262535243
114 0
115 2
116 0
117 1
118 264134985
119 263995032
120 0
121 0
122 227709174
123 228106246
124 234192380
125 233395855
126 0
127 1
128 9525753511
129 2642275694
130 1
131 0
132 0
133 0
134 999521493
135 959401495
136 0
137 0
138 255660620
139 28245184
140 3929663
141 1492009
142 0
143 0
144 0
145 0
146 269425
147 99408
148 12216
149 3925
150 0
151 0
152 1055
153 122
154 0
155 0
156 0
157 0
158 8
