0 13
1 25
2 2047
3 2233
4 2037
5 2098
6 24
7 2
8 2358
9 2358
10 3
11 3
12 12
13 10
14 2224
15 2259
16 2370
17 2431
18 7
19 5
20 13
21 7
22 2217
23 2171
24 1
25 4
26 2156
27 2062
28 2022
29 1869
30 3
31 0
32 369
33 333
34 27
35 29
36 17
37 20
38 375
39 363
40 27
41 20
42 381
43 351
44 350
45 337
46 17
47 18
48 23
49 14
50 369
51 397
52 355
53 388
54 13
55 19
56 327
57 365
58 21
59 25
60 14
61 13
62 340
63 332
64 2802
65 2742
66 4
67 3
68 7
69 2
70 2106
71 2150
72 5
73 1
74 2235
75 2090
76 1499
77 1483
78 0
79 0
80 0
81 2
82 1030
83 995
84 698
85 704
86 0
87 0
88 643
89 613
90 0
91 0
92 0
93 0
94 381
95 402
96 2
97 2
98 27
99 22
100 26
101 26
102 1
103 2
104 13
105 13
106 2
107 0
108 1
109 0
110 26
111 17
112 32
113 27
114 0
115 2
116 0
117 1
118 20
119 21
120 0
121 0
122 22
123 21
124 28
125 27
126 0
127 1
128 1024
129 250
130 1
131 0
132 0
133 0
134 82
135 98
136 0
137 0
138 9
