0 13
1 25
2 1939376
3 1965782
4 1966702
5 1967721
6 24
7 2
8 2097555
9 2103022
10 3
11 3
12 12
13 10
14 2106967
15 2104443
16 2327788
17 2335050
18 7
19 5
20 13
21 7
22 2162024
23 2159826
24 1
25 4
26 2180582
27 2183206
28 2008863
29 2005170
30 3
31 0
32 456308
33 456839
34 27
35 29
36 17
37 20
38 489933
39 490463
40 27
41 20
42 434635
43 432323
44 462062
45 460147
46 17
47 18
48 23
49 14
50 469157
51 468347
52 459239
53 459086
54 13
55 19
56 422661
57 422549
58 21
59 25
60 14
61 13
62 414607
63 414443
64 2866103
65 2856819
66 4
67 3
68 7
69 2
70 2206512
71 2210986
72 5
73 1
74 2320166
75 2313212
76 1606044
77 1603851
78 0
79 0
80 0
81 2
82 1129106
83 1118684
84 788919
85 782618
86 0
87 0
88 707826
89 691957
90 0
91 0
92 0
93 0
94 451568
95 444136
96 2
97 2
98 23646
99 23609
100 27126
101 26727
102 1
103 2
104 20761
105 20675
106 2
107 0
108 1
109 0
110 23273
111 23237
112 31743
113 32473
114 0
115 2
116 0
117 1
118 31983
119 32002
120 0
121 0
122 27742
123 27610
124 28494
125 28426
126 0
127 1
128 1159272
129 322097
130 1
131 0
132 0
133 0
134 121134
135 115968
136 0
137 0
138 30947
139 3330
140 499
141 176
142 0
143 0
144 0
145 0
146 30
147 13
