0 13
1 25
2 1985041392
3 2012201082
4 2013391725
5 2012774028
6 24
7 2
8 2151652789
9 2153504781
10 3
11 3
12 12
13 10
14 2153124758
15 2156948669
16 2382227767
17 2390970225
18 7
19 5
20 13
21 7
22 2212990585
23 2209532222
24 1
25 4
26 2230783866
27 2230966660
28 2051723429
29 2053038192
30 3
31 0
32 467656753
33 468039487
34 27
35 29
36 17
37 20
38 502129946
39 501602250
40 27
41 20
42 445220117
43 443188724
44 473010024
45 472361368
46 17
47 18
48 23
49 14
50 481408038
51 480389370
52 472321040
53 472016844
54 13
55 19
56 432042671
57 431849505
58 21
59 25
60 14
61 13
62 424087904
63 424368795
64 2933755788
65 2926085726
66 4
67 3
68 7
69 2
70 2260319594
71 2261240577
72 5
73 1
74 2375687896
75 2367502161
76 1646095795
77 1642501803
78 0
79 0
80 0
81 2
82 1156076064
83 1147210816
84 809695524
85 801036903
86 0
87 0
88 726626987
89 710898999
90 0
91 0
92 0
93 0
94 462156553
95 456221262
96 2
97 2
98 24263346
99 24303239
100 27690854
101 27646986
102 1
103 2
104 21327059
105 21260335
106 2
107 0
108 1
109 0
110 24020351
111 23977768
112 32828793
113 32814005
114 0
115 2
116 0
117 1
118 33012997
119 33005617
120 0
121 0
122 28468550
123 28511757
124 29281065
125 29181073
126 0
127 1
128 1190810237
129 330281879
130 1
131 0
132 0
133 0
134 124938528
135 119957027
136 0
137 0
138 31954954
139 3536286
140 490789
141 187070
142 0
143 0
144 0
145 0
146 33555
147 12529
148 1549
149 479
150 0
151 0
152 103
153 14
