0 13
1 25
2 340
3 498
4 412
5 322
6 24
7 2
8 391
9 401
10 3
11 3
12 12
13 10
14 365
15 332
16 308
17 324
18 7
19 5
20 13
21 7
22 274
23 271
24 1
25 4
26 265
27 259
28 222
29 229
30 3
31 0
32 34
33 38
34 27
35 26
36 14
37 19
38 48
39 39
40 25
41 19
42 25
43 32
44 34
45 16
46 13
47 17
48 17
49 14
50 33
51 27
52 24
53 45
54 13
55 15
56 40
57 28
58 19
59 25
60 12
61 8
62 20
63 25
64 220
65 297
66 4
67 3
68 7
69 2
70 222
71 202
72 5
73 1
74 166
75 199
76 132
77 114
78 0
79 0
80 0
81 2
82 83
83 89
84 56
85 54
86 0
87 0
88 37
89 35
90 0
91 0
92 0
93 0
94 17
95 31
96 2
97 2
98 8
99 2
100 2
101 1
102 1
103 1
104 1
105 2
106 1
107 0
108 1
109 0
110 3
111 1
112 4
113 2
114 0
115 1
116 0
117 1
118 1
119 4
120 0
121 0
122 1
123 1
124 1
125 2
126 0
127 0
128 24
129 6
130 1
131 0
132 0
133 0
134 1
