0 13
1 25
2 242645
3 245887
4 245818
5 247217
6 24
7 2
8 261719
9 262854
10 3
11 3
12 12
13 10
14 264297
15 263191
16 291634
17 291373
18 7
19 5
20 13
21 7
22 269996
23 270592
24 1
25 4
26 272022
27 272821
28 250363
29 250160
30 3
31 0
32 57373
33 56708
34 27
35 29
36 17
37 20
38 61314
39 60899
40 27
41 20
42 54138
43 54367
44 58183
45 57435
46 17
47 18
48 23
49 14
50 58670
51 57952
52 57245
53 57266
54 13
55 19
56 51913
57 53004
58 21
59 25
60 14
61 13
62 51481
63 51550
64 357953
65 356219
66 4
67 3
68 7
69 2
70 274779
71 275340
72 5
73 1
74 289395
75 289350
76 201217
77 200409
78 0
79 0
80 0
81 2
82 141570
83 139670
84 98822
85 98565
86 0
87 0
88 88940
89 86993
90 0
91 0
92 0
93 0
94 56634
95 55653
96 2
97 2
98 2945
99 3036
100 3272
101 3417
102 1
103 2
104 2570
105 2644
106 2
107 0
108 1
109 0
110 2932
111 2867
112 4135
113 4233
114 0
115 2
116 0
117 1
118 3976
119 4051
120 0
121 0
122 3458
123 3497
124 3559
125 3581
126 0
127 1
128 145216
129 40570
130 1
131 0
132 0
133 0
134 15492
135 14642
136 0
137 0
138 3892
139 439
140 71
141 28
142 0
143 0
144 0
145 0
146 1
