0 13
1 25
2 248165506
3 251558737
4 251700790
5 251646232
6 24
7 2
8 268944522
9 269215432
10 3
11 3
12 12
13 10
14 269143279
15 269593638
16 297745492
17 298806312
18 7
19 5
20 13
21 7
22 276561370
23 276109734
24 1
25 4
26 278825975
27 278865663
28 256450811
29 256614264
30 3
31 0
32 58447666
33 58506241
34 27
35 29
36 17
37 20
38 62784058
39 62726505
40 27
41 20
42 55655493
43 55400438
44 59130836
45 59042409
46 17
47 18
48 23
49 14
50 60186983
51 60046977
52 59044949
53 58993265
54 13
55 19
56 54000096
57 53982632
58 21
59 25
60 14
61 13
62 53013751
63 53052962
64 366704279
65 365734648
66 4
67 3
68 7
69 2
70 282478505
71 282606041
72 5
73 1
74 296981844
75 295949039
76 205725263
77 205301361
78 0
79 0
80 0
81 2
82 144537613
83 143416512
84 101229591
85 100160240
86 0
87 0
88 90845676
89 88887396
90 0
91 0
92 0
93 0
94 57788815
95 57040239
96 2
97 2
98 3034549
99 3039298
100 3461740
101 3457537
102 1
103 2
104 2667266
105 2658155
106 2
107 0
108 1
109 0
110 3005657
111 2997966
112 4102257
113 4105291
114 0
115 2
116 0
117 1
118 4127444
119 4127516
120 0
121 0
122 3560150
123 3569421
124 3658906
125 3652365
126 0
127 1
128 148858086
129 41322860
130 1
131 0
132 0
133 0
134 15633537
135 15011032
136 0
137 0
138 3998358
139 443353
140 61411
141 23718
142 0
143 0
144 0
145 0
146 4265
147 1600
148 212
149 60
150 0
151 0
152 11
153 3
