0 9
1 16468
2 31
3 17480
4 13385
5 28
6 13639
7 12
8 18660
9 11
10 18621
11 25
12 16
13 15430
14 24
15 15274
16 93
17 15523
18 80
19 15131
20 13787
21 20
22 13659
23 40
24 10951
25 32
26 10921
27 25
28 17
29 9710
30 10
31 9885
32 219
33 12520
34 227
35 12531
36 10725
37 94
38 10895
39 94
40 7907
41 60
42 7972
43 64
44 55
45 6965
46 56
47 7070
48 61
49 8853
50 42
51 9076
52 8005
53 22
54 7922
55 34
56 7126
57 26
58 7183
59 37
60 26
61 6849
62 24
63 7048
64 26336
65 3
66 26175
67 15
68 22
69 18804
70 11
71 19026
72 27
73 15547
74 8
75 15539
76 12615
77 7
78 12567
79 10
80 10576
81 14
82 10497
83 27
84 8
85 9086
86 11
87 9132
88 8
89 8286
90 8
91 8271
92 7056
93 5
94 7091
95 8
96 13029
97 16
98 13233
99 29
100 12
101 10703
102 9
103 10949
104 14
105 8360
106 11
107 8226
108 7215
109 3
110 7042
111 18
112 7894
113 9
114 8110
115 26
116 26
117 6479
118 16
119 6430
120 11
121 5352
122 7
123 5171
124 4415
125 3
126 4612
127 5
128 15284
129 4
130 15453
131 4
132 8
133 10174
134 5
135 10221
136 0
137 8237
138 0
139 8252
140 6810
141 0
142 6751
143 0
144 6045
145 7
146 5810
147 7
148 3
149 5280
150 1
151 5182
152 1
153 4134
154 2
155 4024
156 3559
157 0
158 3480
159 1
160 7553
161 41
162 7763
163 44
164 31
165 5461
166 32
167 5432
168 17
169 4510
170 10
171 4254
172 3414
173 8
174 3479
175 10
176 2949
177 16
178 2943
179 8
180 13
181 2355
182 12
183 2477
184 3
185 2337
186 7
187 2385
188 2058
189 1
190 1992
191 2
192 1
193 11404
194 1
195 11537
196 6594
197 0
198 6832
199 0
200 4944
201 0
202 4965
203 0
204 0
205 3620
206 0
207 3669
208 2
209 3450
210 3
211 3456
212 2877
213 0
214 2777
215 0
216 2357
217 0
218 2320
219 0
220 0
221 2040
222 0
223 1961
224 0
225 3917
226 1
227 3904
228 2675
229 1
230 2633
231 1
232 2038
233 0
234 2043
235 0
236 0
237 1509
238 0
239 1475
240 3
241 1968
242 1
243 1997
244 1655
245 0
246 1607
247 1
248 1232
249 3
250 1287
251 1
252 0
253 1049
254 0
255 1038
256 21365
257 4
258 16762
259 1
260 4
261 3350
262 2
263 2593
264 0
265 1085
266 0
267 909
268 460
269 0
270 348
271 0
272 163
273 0
274 113
275 0
276 0
277 115
278 0
279 114
280 0
281 127
282 1
283 96
284 101
285 0
286 103
287 0
288 26
289 0
290 17
291 0
292 0
293 29
294 0
295 29
296 0
297 50
298 1
299 45
300 39
301 0
302 24
303 0
304 83
305 0
306 67
307 0
308 0
309 24
310 0
311 20
312 0
313 10
314 0
315 3
316 8
317 0
318 8
319 0
320 0
321 27
322 0
323 13
324 5
325 0
326 8
327 0
328 0
329 0
330 1
331 0
332 0
333 1
334 0
335 1
