0 9
1 16728976
2 31
3 17183185
4 13700991
5 28
6 14048635
7 12
8 18604269
9 11
10 18595569
11 25
12 16
13 14970888
14 24
15 15013961
16 93
17 15682946
18 80
19 15604456
20 13679073
21 20
22 13630452
23 40
24 10618200
25 32
26 10578372
27 25
28 17
29 9668398
30 10
31 9653705
32 219
33 12740916
34 227
35 12725401
36 11041498
37 94
38 11014444
39 94
40 8055189
41 60
42 7997662
43 64
44 55
45 7724557
46 56
47 7701416
48 61
49 8999385
50 42
51 9011066
52 7930311
53 22
54 7938738
55 34
56 7581668
57 26
58 7586564
59 37
60 26
61 6950096
62 24
63 6959646
64 26810936
65 3
66 26875046
67 15
68 22
69 19215741
70 11
71 19283776
72 27
73 15200625
74 8
75 15204763
76 12066362
77 7
78 12078761
79 10
80 10861314
81 14
82 10839206
83 27
84 8
85 9555776
86 11
87 9539269
88 8
89 8562415
90 8
91 8551229
92 7341888
93 5
94 7329271
95 8
96 12216010
97 16
98 12234517
99 29
100 12
101 10099771
102 9
103 10118687
104 14
105 7656417
106 11
107 7659656
108 6781867
109 3
110 6788569
111 18
112 7767279
113 9
114 7769012
115 26
116 26
117 6441977
118 16
119 6432484
120 11
121 5107569
122 7
123 5108238
124 4455019
125 3
126 4456323
127 5
128 13986712
129 4
130 13972107
131 4
132 8
133 10579088
134 5
135 10573927
136 0
137 9146005
138 0
139 9145375
140 7773840
141 0
142 7769597
143 0
144 6211860
145 7
146 6219007
147 7
148 3
149 5669436
150 1
151 5671837
152 1
153 5003354
154 2
155 5009376
156 4672752
157 0
158 4674584
159 1
160 7963479
161 41
162 7963957
163 44
164 31
165 6065318
166 32
167 6064973
168 17
169 5462757
170 10
171 5458817
172 4494807
173 8
174 4494980
175 10
176 3407654
177 16
178 3398625
179 8
180 13
181 2908583
182 12
183 2902031
184 3
185 2900921
186 7
187 2902103
188 2496189
189 1
190 2493282
191 2
192 1
193 9793223
194 1
195 9792208
196 6305593
197 0
198 6313484
199 0
200 5228030
201 0
202 5232220
203 0
204 0
205 4124086
206 0
207 4114105
208 2
209 3518555
210 3
211 3516973
212 2979491
213 0
214 2974635
215 0
216 2578097
217 0
218 2574416
219 0
220 0
221 2284753
222 0
223 2280743
224 0
225 4099904
226 1
227 4097579
228 2936042
229 1
230 2937487
231 1
232 2421922
233 0
234 2427828
235 0
236 0
237 1938942
238 0
239 1938714
240 3
241 2109992
242 1
243 2103981
244 1713053
245 0
246 1713964
247 1
248 1424201
249 3
250 1420208
251 1
252 0
253 1192741
254 0
255 1190000
256 25842816
257 4
258 20568219
259 1
260 4
261 3813942
262 2
263 3084018
264 0
265 987116
266 0
267 884675
268 416485
269 0
270 231202
271 0
272 95595
273 0
274 100528
275 0
276 0
277 104449
278 0
279 70838
280 0
281 59764
282 1
283 55163
284 61200
285 0
286 47991
287 0
288 17115
289 0
290 15242
291 0
292 0
293 23560
294 0
295 21715
296 0
297 31349
298 1
299 29145
300 18811
301 0
302 15986
303 0
304 19261
305 0
306 18483
307 0
308 0
309 8493
310 0
311 7397
312 0
313 3729
314 0
315 2970
316 1977
317 0
318 1819
319 0
320 0
321 6420
322 0
323 3778
324 1089
325 0
326 835
327 0
328 441
329 0
330 366
331 0
332 0
333 227
334 0
335 144
336 0
337 42
338 0
339 42
340 28
341 0
342 20
343 0
344 13
345 0
346 9
347 0
348 0
349 16
350 0
351 7
352 0
353 2
354 0
355 5
356 1
357 0
358 2
359 0
360 1
361 0
362 3
363 0
364 0
365 6
366 0
367 3
368 0
369 4
370 0
371 6
372 0
373 0
374 0
375 0
376 1
