0 9
1 2103
2 31
3 2163
4 1693
5 28
6 1866
7 12
8 2479
9 11
10 2548
11 25
12 16
13 2059
14 24
15 1990
16 93
17 1865
18 80
19 1710
20 1593
21 20
22 1526
23 40
24 1317
25 32
26 1348
27 25
28 17
29 1229
30 10
31 1205
32 219
33 1164
34 227
35 1199
36 998
37 94
38 1079
39 94
40 926
41 60
42 860
43 64
44 55
45 691
46 56
47 722
48 61
49 1265
50 42
51 1247
52 1141
53 22
54 1068
55 34
56 904
57 26
58 944
59 37
60 26
61 868
62 24
63 898
64 3489
65 3
66 3480
67 15
68 22
69 2374
70 11
71 2370
72 27
73 1935
74 8
75 1997
76 1558
77 7
78 1528
79 10
80 1267
81 14
82 1245
83 27
84 8
85 1099
86 11
87 1081
88 8
89 1038
90 8
91 938
92 845
93 5
94 823
95 8
96 1861
97 16
98 1914
99 29
100 12
101 1328
102 9
103 1441
104 14
105 1034
106 11
107 1071
108 966
109 3
110 901
111 18
112 1067
113 9
114 997
115 26
116 26
117 788
118 16
119 816
120 11
121 691
122 7
123 682
124 549
125 3
126 553
127 5
128 2226
129 4
130 2148
131 4
132 8
133 1510
134 5
135 1409
136 0
137 1118
138 0
139 1090
140 863
141 0
142 903
143 0
144 702
145 7
146 723
147 7
148 3
149 578
150 1
151 579
152 1
153 477
154 2
155 464
156 424
157 0
158 409
159 1
160 757
161 41
162 811
163 44
164 31
165 571
166 32
167 625
168 17
169 527
170 10
171 493
172 407
173 8
174 395
175 10
176 406
177 16
178 407
179 8
180 13
181 300
182 12
183 321
184 3
185 320
186 7
187 287
188 263
189 1
190 286
191 2
192 1
193 1130
194 1
195 1145
196 704
197 0
198 750
199 0
200 624
201 0
202 586
203 0
204 0
205 425
206 0
207 430
208 2
209 473
210 3
211 440
212 403
213 0
214 396
215 0
216 300
217 0
218 316
219 0
220 0
221 257
222 0
223 250
224 0
225 417
226 1
227 392
228 277
229 1
230 307
231 1
232 177
233 0
234 196
235 0
236 0
237 168
238 0
239 158
240 3
241 171
242 1
243 205
244 197
245 0
246 164
247 1
248 116
249 3
250 128
251 1
252 0
253 113
254 0
255 123
256 2663
257 4
258 1985
259 1
260 4
261 329
262 2
263 311
264 0
265 97
266 0
267 80
268 32
269 0
270 23
271 0
272 11
273 0
274 10
275 0
276 0
277 11
278 0
279 7
280 0
281 7
282 1
283 6
284 3
285 0
286 6
287 0
288 0
289 0
290 1
291 0
292 0
293 0
294 0
295 0
296 0
297 0
298 1
299 4
300 0
301 0
302 1
303 0
304 1
305 0
306 2
