0 9
1 2057674
2 31
3 2109953
4 1661710
5 28
6 1702847
7 12
8 2344775
9 11
10 2346471
11 25
12 16
13 1919824
14 24
15 1924351
16 93
17 1978630
18 80
19 1970649
20 1737828
21 20
22 1732113
23 40
24 1356425
25 32
26 1351325
27 25
28 17
29 1238350
30 10
31 1239480
32 219
33 1629730
34 227
35 1628396
36 1406810
37 94
38 1404883
39 94
40 1027603
41 60
42 1021377
43 64
44 55
45 968591
46 56
47 968049
48 61
49 1176595
50 42
51 1178983
52 1038953
53 22
54 1036356
55 34
56 959648
57 26
58 957869
59 37
60 26
61 887053
62 24
63 891238
64 3356002
65 3
66 3369578
67 15
68 22
69 2448910
70 11
71 2463361
72 27
73 1989174
74 8
75 1992798
76 1595663
77 7
78 1599496
79 10
80 1363367
81 14
82 1360914
83 27
84 8
85 1196961
86 11
87 1191373
88 8
89 1085111
90 8
91 1080491
92 928245
93 5
94 926892
95 8
96 1607164
97 16
98 1608665
99 29
100 12
101 1328483
102 9
103 1331395
104 14
105 1004456
106 11
107 1005830
108 880871
109 3
110 880332
111 18
112 988871
113 9
114 990008
115 26
116 26
117 821010
118 16
119 819871
120 11
121 656098
122 7
123 655401
124 574558
125 3
126 574096
127 5
128 1839100
129 4
130 1835069
131 4
132 8
133 1308455
134 5
135 1309509
136 0
137 1081770
138 0
139 1080159
140 888061
141 0
142 886029
143 0
144 771963
145 7
146 771999
147 7
148 3
149 682056
150 1
151 682263
152 1
153 562693
154 2
155 562325
156 508303
157 0
158 509348
159 1
160 958854
161 41
162 957510
163 44
164 31
165 700593
166 32
167 701573
168 17
169 597075
170 10
171 596550
172 489354
173 8
174 488312
175 10
176 406354
177 16
178 405601
179 8
180 13
181 333856
182 12
183 333153
184 3
185 323057
186 7
187 322325
188 270564
189 1
190 268838
191 2
192 1
193 1407695
194 1
195 1408140
196 849037
197 0
198 852252
199 0
200 644057
201 0
202 644842
203 0
204 0
205 484925
206 0
207 482982
208 2
209 460527
210 3
211 459590
212 374775
213 0
214 373411
215 0
216 310198
217 0
218 310152
219 0
220 0
221 264488
222 0
223 265416
224 0
225 512875
226 1
227 511253
228 349718
229 1
230 350978
231 1
232 267562
233 0
234 268369
235 0
236 0
237 212023
238 0
239 210733
240 3
241 256619
242 1
243 256248
244 205399
245 0
246 205669
247 1
248 162925
249 3
250 162550
251 1
252 0
253 135179
254 0
255 134824
256 3011223
257 4
258 2375093
259 1
260 4
261 404837
262 2
263 315565
264 0
265 101686
266 0
267 91836
268 42129
269 0
270 23610
271 0
272 10699
273 0
274 11269
275 0
276 0
277 10668
278 0
279 7600
280 0
281 6486
282 1
283 5907
284 6453
285 0
286 5241
287 0
288 1853
289 0
290 1578
291 0
292 0
293 2453
294 0
295 2298
296 0
297 3657
298 1
299 3237
300 2020
301 0
302 1770
303 0
304 1954
305 0
306 1940
307 0
308 0
309 858
310 0
311 757
312 0
313 352
314 0
315 280
316 199
317 0
318 193
319 0
320 0
321 774
322 0
323 455
324 140
325 0
326 95
327 0
328 41
329 0
330 35
331 0
332 0
333 25
334 0
335 19
336 0
337 6
338 0
339 3
340 6
341 0
342 3
343 0
344 0
345 0
346 2
347 0
348 0
349 2
350 0
351 2
352 0
353 0
354 0
355 1
356 0
357 0
358 0
359 0
360 1
