0 9
1 2138319262
2 31
3 2195851533
4 1749622350
5 28
6 1792356303
7 12
8 2383445233
9 11
10 2381940440
11 25
12 16
13 1919492696
14 24
15 1924629659
16 93
17 2010115141
18 80
19 2000535033
20 1754341109
21 20
22 1748095869
23 40
24 1363050656
25 32
26 1357868201
27 25
28 17
29 1241823496
30 10
31 1240018160
32 219
33 1634815610
34 227
35 1632672301
36 1416042798
37 94
38 1413189737
39 94
40 1032338460
41 60
42 1025253563
43 64
44 55
45 989717275
46 56
47 986525228
48 61
49 1153265748
50 42
51 1154801947
52 1016119365
53 22
54 1017258611
55 34
56 969920251
57 26
58 971080459
59 37
60 26
61 889728073
62 24
63 889934038
64 3430645771
65 3
66 3439328297
67 15
68 22
69 2463059725
70 11
71 2472724397
72 27
73 1951842351
74 8
75 1952296014
76 1550261388
77 7
78 1551261759
79 10
80 1388633794
81 14
82 1385643588
83 27
84 8
85 1220967087
86 11
87 1218352409
88 8
89 1095748793
90 8
91 1094931688
92 940195188
93 5
94 938706870
95 8
96 1567049035
97 16
98 1569323333
99 29
100 12
101 1297692980
102 9
103 1298580419
104 14
105 983647396
106 11
107 984049175
108 871208250
109 3
110 872401385
111 18
112 996531884
113 9
114 996843434
115 26
116 26
117 826458609
118 16
119 825451120
120 11
121 655142599
122 7
123 654761134
124 571627235
125 3
126 571143063
127 5
128 1796359671
129 4
130 1795447477
131 4
132 8
133 1353318172
134 5
135 1352105497
136 0
137 1165598360
138 0
139 1165498040
140 988810133
141 0
142 988798889
143 0
144 795109500
145 7
146 795216199
147 7
148 3
149 724339853
150 1
151 724678026
152 1
153 636295178
154 2
155 636611012
156 592922481
157 0
158 593087729
159 1
160 1017750859
161 41
162 1017874702
163 44
164 31
165 772983979
166 32
167 772977809
168 17
169 693596406
170 10
171 693147256
172 570511238
173 8
174 570595836
175 10
176 434214763
177 16
178 433447384
179 8
180 13
181 370137717
182 12
183 369210528
184 3
185 368648294
186 7
187 368379969
188 316276209
189 1
190 315925502
191 2
192 1
193 1267083945
194 1
195 1267047486
196 813454459
197 0
198 813314262
199 0
200 669742841
201 0
202 669358814
203 0
204 0
205 525590230
206 0
207 525094380
208 2
209 451829013
210 3
211 451560576
212 381255048
213 0
214 380898187
215 0
216 329211775
217 0
218 328632979
219 0
220 0
221 291378264
222 0
223 290791971
224 0
225 524638307
226 1
227 525024415
228 374860676
229 1
230 375145174
231 1
232 307850500
233 0
234 308078398
235 0
236 0
237 246054533
238 0
239 246087065
240 3
241 269277803
242 1
243 268877901
244 219051368
245 0
246 218709841
247 1
248 181412787
249 3
250 181147127
251 1
252 0
253 151814317
254 0
255 151617983
256 3294088790
257 4
258 2621267103
259 1
260 4
261 483356941
262 2
263 389855818
264 0
265 124693574
266 0
267 111755145
268 52578024
269 0
270 29179893
271 0
272 12097023
273 0
274 12777361
275 0
276 0
277 13068744
278 0
279 8894404
280 0
281 7457855
282 1
283 6884864
284 7613610
285 0
286 6010118
287 0
288 2175839
289 0
290 1948669
291 0
292 0
293 2936064
294 0
295 2748031
296 0
297 3904339
298 1
299 3649985
300 2301246
301 0
302 1955901
303 0
304 2311028
305 0
306 2235272
307 0
308 0
309 1029538
310 0
311 903907
312 0
313 444346
314 0
315 354183
316 234932
317 0
318 215741
319 0
320 0
321 748781
322 0
323 455909
324 130512
325 0
326 95021
327 0
328 46880
329 0
330 41231
331 0
332 0
333 22849
334 0
335 13640
336 0
337 5504
338 0
339 4091
340 2975
341 0
342 2197
343 0
344 1561
345 0
346 1279
347 0
348 0
349 1080
350 0
351 800
352 0
353 569
354 0
355 473
356 360
357 0
358 313
359 0
360 209
361 0
362 152
363 0
364 0
365 140
366 0
367 110
368 0
369 55
370 0
371 38
372 35
373 0
374 29
375 0
376 60
377 0
378 37
379 0
380 0
381 26
382 0
383 11
384 0
385 35
386 0
387 2
388 1
