0 9
1 270
2 31
3 236
4 223
5 28
6 305
7 12
8 381
9 11
10 407
11 25
12 16
13 342
14 24
15 303
16 93
17 325
18 80
19 297
20 292
21 20
22 263
23 40
24 209
25 32
26 205
27 25
28 17
29 187
30 10
31 148
32 218
33 169
34 226
35 199
36 157
37 93
38 174
39 94
40 135
41 60
42 109
43 64
44 55
45 61
46 55
47 63
48 61
49 137
50 42
51 169
52 110
53 22
54 108
55 33
56 149
57 26
58 116
59 36
60 25
61 96
62 23
63 105
64 581
65 3
66 658
67 15
68 21
69 334
70 11
71 403
72 27
73 249
74 8
75 249
76 174
77 7
78 217
79 10
80 133
81 14
82 96
83 27
84 8
85 97
86 11
87 76
88 8
89 82
90 8
91 87
92 84
93 5
94 72
95 8
96 133
97 9
98 106
99 25
100 10
101 63
102 7
103 93
104 11
105 68
106 5
107 84
108 93
109 2
110 66
111 17
112 195
113 7
114 181
115 20
116 23
117 103
118 13
119 119
120 10
121 115
122 6
123 82
124 82
125 3
126 76
127 5
128 285
129 4
130 262
131 4
132 8
133 180
134 5
135 185
136 0
137 104
138 0
139 120
140 79
141 0
142 74
143 0
144 135
145 7
146 118
147 7
148 3
149 97
150 1
151 71
152 1
153 61
154 2
155 27
156 33
157 0
158 32
159 1
160 32
161 39
162 37
163 41
164 30
165 14
166 30
167 13
168 14
169 11
170 9
171 2
172 6
173 4
174 9
175 7
176 17
177 12
178 18
179 8
180 12
181 18
182 11
183 15
184 3
185 10
186 4
187 10
188 14
189 1
190 9
191 2
192 1
193 67
194 1
195 71
196 34
197 0
198 31
199 0
200 34
201 0
202 23
203 0
204 0
205 15
206 0
207 6
208 2
209 5
210 3
211 3
212 5
213 0
214 3
215 0
216 2
217 0
218 3
219 0
220 0
221 4
222 0
223 3
224 0
225 1
226 1
227 1
228 1
229 0
230 1
231 0
232 0
233 0
234 2
235 0
236 0
237 0
238 0
239 0
240 3
241 1
242 1
243 2
244 3
245 0
246 3
247 1
248 1
249 1
250 2
251 0
252 0
253 0
254 0
255 0
256 4
