0 9
1 255011
2 31
3 261776
4 205447
5 28
6 209670
7 12
8 294623
9 11
10 294235
11 25
12 16
13 242846
14 24
15 242996
16 93
17 249318
18 80
19 248055
20 219471
21 20
22 218519
23 40
24 172191
25 32
26 170727
27 25
28 17
29 156550
30 10
31 157216
32 219
33 204468
34 227
35 204506
36 175430
37 94
38 175382
39 94
40 128371
41 60
42 128131
43 64
44 55
45 120114
46 56
47 120177
48 61
49 146934
50 42
51 147518
52 130618
53 22
54 130251
55 34
56 119389
57 26
58 119119
59 37
60 26
61 110882
62 24
63 111792
64 417493
65 3
66 419743
67 15
68 22
69 307166
70 11
71 308139
72 27
73 251945
74 8
75 251627
76 202639
77 7
78 203417
79 10
80 170492
81 14
82 170047
83 27
84 8
85 148455
86 11
87 148605
88 8
89 135200
90 8
91 134919
92 116335
93 5
94 116371
95 8
96 206535
97 16
98 207287
99 29
100 12
101 170092
102 9
103 170634
104 14
105 128524
106 11
107 127675
108 112162
109 3
110 112598
111 18
112 124712
113 9
114 124745
115 26
116 26
117 103650
118 16
119 102689
120 11
121 83391
122 7
123 82903
124 72278
125 3
126 72786
127 5
128 234161
129 4
130 233776
131 4
132 8
133 162355
134 5
135 163438
136 0
137 132244
138 0
139 132536
140 107762
141 0
142 108050
143 0
144 96047
145 7
146 95778
147 7
148 3
149 83968
150 1
151 84170
152 1
153 67761
154 2
155 67788
156 60211
157 0
158 60221
159 1
160 117652
161 41
162 118150
163 44
164 31
165 84907
166 32
167 84822
168 17
169 71148
170 10
171 70359
172 57334
173 8
174 57409
175 10
176 49882
177 16
178 49773
179 8
180 13
181 40034
182 12
183 40150
184 3
185 38850
186 7
187 38939
188 32183
189 1
190 31983
191 2
192 1
193 181608
194 1
195 182584
196 107725
197 0
198 108391
199 0
200 80121
201 0
202 79992
203 0
204 0
205 58959
206 0
207 59112
208 2
209 58265
210 3
211 57622
212 46994
213 0
214 46965
215 0
216 38557
217 0
218 38135
219 0
220 0
221 32431
222 0
223 32506
224 0
225 63831
226 1
227 63403
228 42771
229 1
230 42756
231 1
232 32454
233 0
234 32509
235 0
236 0
237 25709
238 0
239 25523
240 3
241 32178
242 1
243 32010
244 25343
245 0
246 25643
247 1
248 19688
249 3
250 19956
251 1
252 0
253 16258
254 0
255 16437
256 374450
257 4
258 294801
259 1
260 4
261 49060
262 2
263 37056
264 0
265 12180
266 0
267 11127
268 4916
269 0
270 2836
271 0
272 1275
273 0
274 1284
275 0
276 0
277 1185
278 0
279 898
280 0
281 792
282 1
283 653
284 810
285 0
286 658
287 0
288 278
289 0
290 248
291 0
292 0
293 396
294 0
295 308
296 0
297 455
298 1
299 427
300 216
301 0
302 222
303 0
304 263
305 0
306 242
307 0
308 0
309 112
310 0
311 103
312 0
313 52
314 0
315 27
316 31
317 0
318 26
319 0
320 0
321 92
322 0
323 60
324 22
325 0
326 16
327 0
328 7
329 0
330 5
331 0
332 0
333 4
334 0
335 4
336 0
337 1
338 0
339 0
340 0
341 0
342 1
343 0
344 0
345 0
346 1
347 0
348 0
349 1
