0 9
1 267316689
2 31
3 274462965
4 218622363
5 28
6 223955563
7 12
8 297980201
9 11
10 297824518
11 25
12 16
13 240042465
14 24
15 240699828
16 93
17 251239553
18 80
19 250047367
20 219320757
21 20
22 218566016
23 40
24 170399248
25 32
26 169757109
27 25
28 17
29 155261057
30 10
31 155014831
32 219
33 204403726
34 227
35 204125443
36 177060464
37 94
38 176701896
39 94
40 129060024
41 60
42 128188316
43 64
44 55
45 123713274
46 56
47 123311521
48 61
49 144198389
50 42
51 144371589
52 127021504
53 22
54 127192034
55 34
56 121249957
57 26
58 121378997
59 37
60 26
61 111217145
62 24
63 111250718
64 428883822
65 3
66 429952665
67 15
68 22
69 307956774
70 11
71 309178374
72 27
73 244121817
74 8
75 244194596
76 193935325
77 7
78 194060667
79 10
80 173580121
81 14
82 173191589
83 27
84 8
85 152617168
86 11
87 152294002
88 8
89 137002418
90 8
91 136883377
92 117531668
93 5
94 117367372
95 8
96 196008189
97 16
98 196285729
99 29
100 12
101 162339491
102 9
103 162433224
104 14
105 123031565
106 11
107 123087036
108 108959564
109 3
110 109100847
111 18
112 124568064
113 9
114 124610197
115 26
116 26
117 103305179
118 16
119 103197913
120 11
121 81920758
122 7
123 81867696
124 71475635
125 3
126 71425063
127 5
128 224620444
129 4
130 224518197
131 4
132 8
133 169127750
134 5
135 168953668
136 0
137 145599975
138 0
139 145591944
140 123485053
141 0
142 123469772
143 0
144 99339711
145 7
146 99365720
147 7
148 3
149 90453122
150 1
151 90517173
152 1
153 79438286
154 2
155 79461115
156 73983071
157 0
158 74005337
159 1
160 127150407
161 41
162 127138863
163 44
164 31
165 96520884
166 32
167 96542473
168 17
169 86582404
170 10
171 86524500
172 71227472
173 8
174 71214434
175 10
176 54250139
177 16
178 54161783
179 8
180 13
181 46218043
182 12
183 46107233
184 3
185 46024570
186 7
187 45994709
188 39482125
189 1
190 39439199
191 2
192 1
193 158623423
194 1
195 158617886
196 101759213
197 0
198 101739108
199 0
200 83713005
201 0
202 83656711
203 0
204 0
205 65671092
206 0
207 65591086
208 2
209 56509008
210 3
211 56484577
212 47677815
213 0
214 47627382
215 0
216 41141965
217 0
218 41076719
219 0
220 0
221 36407528
222 0
223 36327001
224 0
225 65608060
226 1
227 65668333
228 46852683
229 1
230 46882080
231 1
232 38437038
233 0
234 38467067
235 0
236 0
237 30712748
238 0
239 30719222
240 3
241 33644445
242 1
243 33591445
244 27367436
245 0
246 27321623
247 1
248 22648745
249 3
250 22612507
251 1
252 0
253 18962762
254 0
255 18933377
256 411620525
257 4
258 327603386
259 1
260 4
261 60327024
262 2
263 48619817
264 0
265 15546457
266 0
267 13925035
268 6543992
269 0
270 3634466
271 0
272 1506149
273 0
274 1593885
275 0
276 0
277 1627687
278 0
279 1109270
280 0
281 929506
282 1
283 856496
284 947031
285 0
286 748568
287 0
288 268699
289 0
290 241636
291 0
292 0
293 365839
294 0
295 339844
296 0
297 485137
298 1
299 453932
300 286214
301 0
302 243058
303 0
304 287374
305 0
306 277107
307 0
308 0
309 127995
310 0
311 112713
312 0
313 55399
314 0
315 44403
316 29172
317 0
318 26956
319 0
320 0
321 92595
322 0
323 56827
324 16108
325 0
326 11900
327 0
328 5921
329 0
330 5069
331 0
332 0
333 2950
334 0
335 1745
336 0
337 698
338 0
339 517
340 384
341 0
342 296
343 0
344 200
345 0
346 151
347 0
348 0
349 155
350 0
351 105
352 0
353 65
354 0
355 53
356 41
357 0
358 40
359 0
360 34
361 0
362 27
363 0
364 0
365 21
366 0
367 12
368 0
369 7
370 0
371 11
372 5
373 0
374 2
375 0
376 9
377 0
378 1
379 0
380 0
381 4
382 0
383 0
384 0
385 9
386 0
387 1
