0 9
1 32641
2 31
3 34224
4 26541
5 28
6 27224
7 12
8 37184
9 11
10 37193
11 25
12 16
13 30957
14 24
15 30627
16 93
17 30458
18 80
19 29884
20 26987
21 20
22 26706
23 40
24 21534
25 32
26 21151
27 25
28 17
29 19284
30 10
31 19489
32 219
33 24757
34 227
35 24790
36 21235
37 94
38 21294
39 94
40 15814
41 60
42 15783
43 64
44 55
45 14258
46 56
47 14557
48 61
49 18810
50 42
51 18763
52 16652
53 22
54 16483
55 34
56 14869
57 26
58 14839
59 37
60 26
61 14037
62 24
63 14251
64 51778
65 3
66 52196
67 15
68 22
69 37987
70 11
71 38316
72 27
73 31251
74 8
75 31401
76 25150
77 7
78 25132
79 10
80 21638
81 14
82 21320
83 27
84 8
85 18791
86 11
87 18722
88 8
89 17412
90 8
91 17185
92 14624
93 5
94 14779
95 8
96 26440
97 16
98 26881
99 29
100 12
101 21667
102 9
103 22147
104 14
105 16571
106 11
107 16485
108 14411
109 3
110 14198
111 18
112 15387
113 9
114 15648
115 26
116 26
117 12776
118 16
119 12643
120 11
121 10404
122 7
123 10308
124 8876
125 3
126 9069
127 5
128 30128
129 4
130 30395
131 4
132 8
133 20551
134 5
135 20699
136 0
137 16488
138 0
139 16388
140 13505
141 0
142 13468
143 0
144 11870
145 7
146 11678
147 7
148 3
149 10368
150 1
151 10401
152 1
153 8358
154 2
155 8253
156 7197
157 0
158 7095
159 1
160 14578
161 41
162 14805
163 44
164 31
165 10543
166 32
167 10528
168 17
169 8945
170 10
171 8564
172 6903
173 8
174 6916
175 10
176 6306
177 16
178 6198
179 8
180 13
181 5043
182 12
183 5012
184 3
185 4841
186 7
187 4841
188 4078
189 1
190 3995
191 2
192 1
193 23113
194 1
195 23084
196 13583
197 0
198 13752
199 0
200 9705
201 0
202 10011
203 0
204 0
205 7261
206 0
207 7303
208 2
209 7306
210 3
211 7296
212 5945
213 0
214 5941
215 0
216 4820
217 0
218 4793
219 0
220 0
221 4014
222 0
223 3965
224 0
225 8140
226 1
227 8044
228 5402
229 1
230 5221
231 1
232 4034
233 0
234 4039
235 0
236 0
237 3046
238 0
239 3008
240 3
241 3764
242 1
243 3859
244 3083
245 0
246 3110
247 1
248 2344
249 3
250 2486
251 1
252 0
253 2053
254 0
255 2058
256 43536
257 4
258 33711
259 1
260 4
261 6377
262 2
263 4761
264 0
265 1797
266 0
267 1639
268 781
269 0
270 515
271 0
272 219
273 0
274 205
275 0
276 0
277 195
278 0
279 169
280 0
281 172
282 1
283 131
284 142
285 0
286 155
287 0
288 52
289 0
290 40
291 0
292 0
293 57
294 0
295 64
296 0
297 85
298 1
299 77
300 59
301 0
302 44
303 0
304 106
305 0
306 102
307 0
308 0
309 40
310 0
311 36
312 0
313 17
314 0
315 8
316 11
317 0
318 8
319 0
320 0
321 40
322 0
323 29
324 10
325 0
326 9
327 0
328 2
329 0
330 3
331 0
332 0
333 1
334 0
335 3
336 0
337 1
338 0
339 0
340 0
341 0
342 0
343 0
344 0
345 0
346 1
347 0
348 0
349 1
