0 9
1 33434529
2 31
3 34334415
4 27337649
5 28
6 28016264
7 12
8 37237110
9 11
10 37216347
11 25
12 16
13 29998909
14 24
15 30084921
16 93
17 31387459
18 80
19 31233337
20 27389923
21 20
22 27291880
23 40
24 21293112
25 32
26 21214204
27 25
28 17
29 19400705
30 10
31 19369411
32 219
33 25517326
34 227
35 25488599
36 22115127
37 94
38 22061937
39 94
40 16130679
41 60
42 16013466
43 64
44 55
45 15452776
46 56
47 15405625
48 61
49 18056787
50 42
51 18070461
52 15906382
53 22
54 15921897
55 34
56 15165164
57 26
58 15179460
59 37
60 26
61 13913926
62 24
63 13921951
64 53601112
65 3
66 53742098
67 15
68 22
69 38484626
70 11
71 38633398
72 27
73 30520052
74 8
75 30527606
76 24252022
77 7
78 24264424
79 10
80 21726970
81 14
82 21670025
83 27
84 8
85 19099348
86 11
87 19065513
88 8
89 17138800
90 8
91 17121962
92 14693758
93 5
94 14678007
95 8
96 24531063
97 16
98 24575097
99 29
100 12
101 20306983
102 9
103 20326558
104 14
105 15389907
106 11
107 15398608
108 13622433
109 3
110 13633465
111 18
112 15566138
113 9
114 15564956
115 26
116 26
117 12908241
118 16
119 12893097
120 11
121 10242143
122 7
123 10238634
124 8935725
125 3
126 8937159
127 5
128 28088258
129 4
130 28068558
131 4
132 8
133 21148228
134 5
135 21130246
136 0
137 18201494
138 0
139 18194997
140 15430614
141 0
142 15421957
143 0
144 12407998
145 7
146 12414778
147 7
148 3
149 11291647
150 1
151 11305605
152 1
153 9922311
154 2
155 9927689
156 9241910
157 0
158 9248908
159 1
160 15893242
161 41
162 15892588
163 44
164 31
165 12059705
166 32
167 12063384
168 17
169 10812102
170 10
171 10806430
172 8896208
173 8
174 8900402
175 10
176 6784920
177 16
178 6770199
179 8
180 13
181 5779582
182 12
183 5765138
184 3
185 5755291
186 7
187 5752718
188 4936620
189 1
190 4930732
191 2
192 1
193 19821432
194 1
195 19819836
196 12704486
197 0
198 12707661
199 0
200 10457927
201 0
202 10454654
203 0
204 0
205 8207363
206 0
207 8189281
208 2
209 7063433
210 3
211 7059189
212 5961365
213 0
214 5953900
215 0
216 5143738
217 0
218 5132148
219 0
220 0
221 4547081
222 0
223 4538146
224 0
225 8209925
226 1
227 8207761
228 5853926
229 1
230 5857416
231 1
232 4802434
233 0
234 4807250
235 0
236 0
237 3836904
238 0
239 3838727
240 3
241 4210981
242 1
243 4199494
244 3419799
245 0
246 3417218
247 1
248 2827600
249 3
250 2822983
251 1
252 0
253 2366515
254 0
255 2362934
256 51417153
257 4
258 40911583
259 1
260 4
261 7537028
262 2
263 6078010
264 0
265 1946119
266 0
267 1745154
268 819026
269 0
270 456462
271 0
272 189499
273 0
274 199432
275 0
276 0
277 204952
278 0
279 139800
280 0
281 117571
282 1
283 108667
284 120768
285 0
286 95510
287 0
288 34271
289 0
290 30683
291 0
292 0
293 46868
294 0
295 43095
296 0
297 62753
298 1
299 57944
300 36833
301 0
302 31391
303 0
304 37402
305 0
306 36045
307 0
308 0
309 16579
310 0
311 14587
312 0
313 7236
314 0
315 5781
316 3852
317 0
318 3573
319 0
320 0
321 12195
322 0
323 7463
324 2137
325 0
326 1616
327 0
328 830
329 0
330 692
331 0
332 0
333 401
334 0
335 284
336 0
337 87
338 0
339 76
340 54
341 0
342 47
343 0
344 29
345 0
346 22
347 0
348 0
349 25
350 0
351 16
352 0
353 8
354 0
355 7
356 3
357 0
358 7
359 0
360 7
361 0
362 4
363 0
364 0
365 9
366 0
367 3
368 0
369 4
370 0
371 6
372 1
373 0
374 0
375 0
376 2
377 0
378 0
379 0
380 0
381 0
382 0
383 0
384 0
385 2
386 0
387 1
