0 9
1 4125
2 31
3 4293
4 3320
5 28
6 3517
7 12
8 4660
9 11
10 4817
11 25
12 16
13 3888
14 24
15 3891
16 93
17 3629
18 80
19 3472
20 3232
21 20
22 3112
23 40
24 2627
25 32
26 2638
27 25
28 17
29 2418
30 10
31 2457
32 219
33 2811
34 227
35 2833
36 2401
37 94
38 2524
39 94
40 2004
41 60
42 1957
43 64
44 55
45 1639
46 56
47 1658
48 61
49 2502
50 42
51 2451
52 2270
53 22
54 2136
55 34
56 1868
57 26
58 1901
59 37
60 26
61 1791
62 24
63 1798
64 6788
65 3
66 6650
67 15
68 22
69 4765
70 11
71 4711
72 27
73 4067
74 8
75 4011
76 3231
77 7
78 3212
79 10
80 2618
81 14
82 2644
83 27
84 8
85 2361
86 11
87 2271
88 8
89 2046
90 8
91 1940
92 1715
93 5
94 1714
95 8
96 3403
97 16
98 3472
99 29
100 12
101 2653
102 9
103 2744
104 14
105 2017
106 11
107 1980
108 1836
109 3
110 1745
111 18
112 1988
113 9
114 1983
115 26
116 26
117 1557
118 16
119 1507
120 11
121 1414
122 7
123 1319
124 1110
125 3
126 1172
127 5
128 4160
129 4
130 4081
131 4
132 8
133 2757
134 5
135 2640
136 0
137 2119
138 0
139 2053
140 1700
141 0
142 1714
143 0
144 1477
145 7
146 1471
147 7
148 3
149 1296
150 1
151 1250
152 1
153 991
154 2
155 1023
156 858
157 0
158 859
159 1
160 1697
161 41
162 1760
163 44
164 31
165 1274
166 32
167 1297
168 17
169 1104
170 10
171 1031
172 814
173 8
174 803
175 10
176 791
177 16
178 828
179 8
180 13
181 622
182 12
183 688
184 3
185 609
186 7
187 604
188 509
189 1
190 528
191 2
192 1
193 2959
194 1
195 2956
196 1712
197 0
198 1782
199 0
200 1317
201 0
202 1337
203 0
204 0
205 921
206 0
207 908
208 2
209 874
210 3
211 828
212 754
213 0
214 715
215 0
216 591
217 0
218 566
219 0
220 0
221 482
222 0
223 483
224 0
225 938
226 1
227 942
228 605
229 1
230 631
231 1
232 447
233 0
234 443
235 0
236 0
237 324
238 0
239 335
240 3
241 445
242 1
243 522
244 415
245 0
246 377
247 1
248 289
249 3
250 316
251 1
252 0
253 255
254 0
255 248
256 5091
257 4
258 3823
259 1
260 4
261 599
262 2
263 471
264 0
265 135
266 0
267 118
268 41
269 0
270 25
271 0
272 12
273 0
274 16
275 0
276 0
277 12
278 0
279 7
280 0
281 7
282 1
283 7
284 3
285 0
286 7
287 0
288 0
289 0
290 1
291 0
292 0
293 0
294 0
295 0
296 0
297 0
298 1
299 4
300 1
301 0
302 1
303 0
304 1
305 0
306 2
