0 9
1 4127933
2 31
3 4238307
4 3351198
5 28
6 3433663
7 12
8 4678617
9 11
10 4676451
11 25
12 16
13 3804479
14 24
15 3814930
16 93
17 3955361
18 80
19 3936152
20 3463654
21 20
22 3450669
23 40
24 2697085
25 32
26 2687827
27 25
28 17
29 2459588
30 10
31 2459359
32 219
33 3237212
34 227
35 3234590
36 2798403
37 94
38 2793274
39 94
40 2042223
41 60
42 2025876
43 64
44 55
45 1935707
46 56
47 1932345
48 61
49 2315563
50 42
51 2320755
52 2043389
53 22
54 2042808
55 34
56 1908366
57 26
58 1907857
59 37
60 26
61 1762028
62 24
63 1765587
64 6711302
65 3
66 6733821
67 15
68 22
69 4871309
70 11
71 4897349
72 27
73 3921560
74 8
75 3927598
76 3135814
77 7
78 3141764
79 10
80 2722557
81 14
82 2713475
83 27
84 8
85 2389090
86 11
87 2379934
88 8
89 2158883
90 8
91 2152193
92 1847694
93 5
94 1843874
95 8
96 3165617
97 16
98 3167097
99 29
100 12
101 2615873
102 9
103 2619292
104 14
105 1979051
106 11
107 1980031
108 1740152
109 3
110 1741271
111 18
112 1966626
113 9
114 1968400
115 26
116 26
117 1632709
118 16
119 1629561
120 11
121 1301102
122 7
123 1301589
124 1138501
125 3
126 1139013
127 5
128 3610984
129 4
130 3606341
131 4
132 8
133 2621173
134 5
135 2623396
136 0
137 2199132
138 0
139 2200127
140 1828485
141 0
142 1824980
143 0
144 1550062
145 7
146 1550081
147 7
148 3
149 1382373
150 1
151 1381696
152 1
153 1166003
154 2
155 1166460
156 1066935
157 0
158 1067504
159 1
160 1939175
161 41
162 1938196
163 44
164 31
165 1436901
166 32
167 1438634
168 17
169 1248771
170 10
171 1249298
172 1025369
173 8
174 1025439
175 10
176 823599
177 16
178 821836
179 8
180 13
181 685785
182 12
183 685224
184 3
185 670234
186 7
187 670332
188 567258
189 1
190 566334
191 2
192 1
193 2700588
194 1
195 2700393
196 1659656
197 0
198 1665477
199 0
200 1294732
201 0
202 1295608
203 0
204 0
205 990831
206 0
207 987719
208 2
209 906361
210 3
211 906971
212 747436
213 0
214 744869
215 0
216 627456
217 0
218 625942
219 0
220 0
221 541002
222 0
223 542455
224 0
225 1024131
226 1
227 1023643
228 710724
229 1
230 711408
231 1
232 557477
233 0
234 558169
235 0
236 0
237 442659
238 0
239 442313
240 3
241 518245
242 1
243 517223
244 417749
245 0
246 417542
247 1
248 336070
249 3
250 335584
251 1
252 0
253 279440
254 0
255 279099
256 6178195
257 4
258 4892074
259 1
260 4
261 855064
262 2
263 676931
264 0
265 217257
266 0
267 196314
268 90426
269 0
270 50732
271 0
272 22005
273 0
274 23351
275 0
276 0
277 23054
278 0
279 16087
280 0
281 13661
282 1
283 12459
284 13753
285 0
286 11004
287 0
288 3987
289 0
290 3479
291 0
292 0
293 5354
294 0
295 4927
296 0
297 7747
298 1
299 6984
300 4420
301 0
302 3821
303 0
304 4302
305 0
306 4172
307 0
308 0
309 1878
310 0
311 1677
312 0
313 784
314 0
315 675
316 439
317 0
318 409
319 0
320 0
321 1569
322 0
323 945
324 247
325 0
326 186
327 0
328 89
329 0
330 71
331 0
332 0
333 50
334 0
335 35
336 0
337 9
338 0
339 8
340 7
341 0
342 4
343 0
344 4
345 0
346 2
347 0
348 0
349 3
350 0
351 3
352 0
353 1
354 0
355 1
356 0
357 0
358 0
359 0
360 1
361 0
362 0
363 0
364 0
365 0
366 0
367 0
368 0
369 0
370 0
371 1
