0 9
1 381
2 31
3 387
4 359
5 28
6 407
7 12
8 594
9 11
10 635
11 25
12 16
13 509
14 24
15 513
16 93
17 525
18 80
19 474
20 471
21 20
22 444
23 40
24 410
25 32
26 384
27 25
28 17
29 360
30 10
31 309
32 219
33 255
34 227
35 286
36 234
37 94
38 253
39 94
40 216
41 60
42 166
43 64
44 55
45 102
46 56
47 137
48 61
49 279
50 42
51 325
52 269
53 22
54 231
55 34
56 271
57 26
58 237
59 37
60 26
61 225
62 24
63 243
64 946
65 3
66 980
67 15
68 22
69 567
70 11
71 598
72 27
73 430
74 8
75 437
76 320
77 7
78 391
79 10
80 231
81 14
82 211
83 27
84 8
85 216
86 11
87 194
88 8
89 178
90 8
91 151
92 143
93 5
94 145
95 8
96 502
97 16
98 490
99 29
100 12
101 389
102 9
103 373
104 14
105 262
106 11
107 295
108 288
109 3
110 252
111 18
112 380
113 9
114 317
115 26
116 26
117 214
118 16
119 232
120 11
121 198
122 7
123 191
124 169
125 3
126 157
127 5
128 744
129 4
130 732
131 4
132 8
133 476
134 5
135 423
136 0
137 290
138 0
139 287
140 225
141 0
142 226
143 0
144 265
145 7
146 255
147 7
148 3
149 195
150 1
151 186
152 1
153 157
154 2
155 130
156 139
157 0
158 123
159 1
160 177
161 41
162 205
163 44
164 31
165 125
166 32
167 169
168 17
169 113
170 10
171 117
172 92
173 8
174 122
175 10
176 93
177 16
178 105
179 8
180 13
181 73
182 12
183 76
184 3
185 60
186 7
187 55
188 48
189 1
190 60
191 2
192 1
193 115
194 1
195 131
196 77
197 0
198 75
199 0
200 100
201 0
202 77
203 0
204 0
205 46
206 0
207 59
208 2
209 54
210 3
211 57
212 55
213 0
214 43
215 0
216 40
217 0
218 56
219 0
220 0
221 49
222 0
223 44
224 0
225 33
226 1
227 28
228 26
229 1
230 25
231 1
232 22
233 0
234 26
235 0
236 0
237 19
238 0
239 17
240 3
241 18
242 1
243 28
244 25
245 0
246 16
247 1
248 11
249 3
250 19
251 1
252 0
253 14
254 0
255 21
256 356
257 3
258 205
259 0
260 4
261 58
262 1
263 54
264 0
265 17
266 0
267 13
268 1
269 0
270 6
271 0
272 1
273 0
274 2
275 0
276 0
277 0
278 0
279 0
280 0
281 1
282 1
