0 9
1 512983
2 31
3 525536
4 413759
5 28
6 423777
7 12
8 586811
9 11
10 586385
11 25
12 16
13 480507
14 24
15 481445
16 93
17 496025
18 80
19 494474
20 434559
21 20
22 433542
23 40
24 338669
25 32
26 336629
27 25
28 17
29 309009
30 10
31 309739
32 219
33 405314
34 227
35 403699
36 349631
37 94
38 349875
39 94
40 255897
41 60
42 254577
43 64
44 55
45 241416
46 56
47 240794
48 61
49 292643
50 42
51 293772
52 258948
53 22
54 258853
55 34
56 239329
57 26
58 239426
59 37
60 26
61 221310
62 24
63 223281
64 840839
65 3
66 844536
67 15
68 22
69 613489
70 11
71 616878
72 27
73 498902
74 8
75 498565
76 398898
77 7
78 399763
79 10
80 340893
81 14
82 340830
83 27
84 8
85 299008
86 11
87 297639
88 8
89 270866
90 8
91 270319
92 232991
93 5
94 232186
95 8
96 404215
97 16
98 405150
99 29
100 12
101 333491
102 9
103 334412
104 14
105 252257
106 11
107 251541
108 221351
109 3
110 221563
111 18
112 246270
113 9
114 247288
115 26
116 26
117 205833
118 16
119 204731
120 11
121 164381
122 7
123 163794
124 143368
125 3
126 143340
127 5
128 461591
129 4
130 460521
131 4
132 8
133 326780
134 5
135 328354
136 0
137 269985
138 0
139 270429
140 221036
141 0
142 221495
143 0
144 191723
145 7
146 191886
147 7
148 3
149 169760
150 1
151 169828
152 1
153 140345
154 2
155 140693
156 126771
157 0
158 126816
159 1
160 239522
161 41
162 239901
163 44
164 31
165 174951
166 32
167 175264
168 17
169 148621
170 10
171 147873
172 121340
173 8
174 121001
175 10
176 101743
177 16
178 100933
179 8
180 13
181 82944
182 12
183 82695
184 3
185 80594
186 7
187 80683
188 67295
189 1
190 66923
191 2
192 1
193 349486
194 1
195 350228
196 210346
197 0
198 211860
199 0
200 160497
201 0
202 160791
203 0
204 0
205 120244
206 0
207 120138
208 2
209 115702
210 3
211 114672
212 94120
213 0
214 93618
215 0
216 77509
217 0
218 77376
219 0
220 0
221 65998
222 0
223 66349
224 0
225 127761
226 1
227 126630
228 86632
229 1
230 86400
231 1
232 66691
233 0
234 66701
235 0
236 0
237 52834
238 0
239 52339
240 3
241 64147
242 1
243 64066
244 51147
245 0
246 51063
247 1
248 40374
249 3
250 40626
251 1
252 0
253 33636
254 0
255 33953
256 762355
257 4
258 603031
259 1
260 4
261 102467
262 2
263 79077
264 0
265 25819
266 0
267 23534
268 10537
269 0
270 5885
271 0
272 2606
273 0
274 2746
275 0
276 0
277 2591
278 0
279 1840
280 0
281 1627
282 1
283 1395
284 1629
285 0
286 1331
287 0
288 487
289 0
290 460
291 0
292 0
293 680
294 0
295 563
296 0
297 874
298 1
299 831
300 471
301 0
302 432
303 0
304 576
305 0
306 554
307 0
308 0
309 240
310 0
311 231
312 0
313 100
314 0
315 62
316 56
317 0
318 60
319 0
320 0
321 232
322 0
323 135
324 50
325 0
326 38
327 0
328 14
329 0
330 14
331 0
332 0
333 8
334 0
335 4
336 0
337 2
338 0
339 0
340 2
341 0
342 1
343 0
344 0
345 0
346 2
347 0
348 0
349 1
