0 9
1 534479315
2 31
3 548792031
4 437082390
5 28
6 447738108
7 12
8 596127085
9 11
10 595756593
11 25
12 16
13 480249130
14 24
15 481562845
16 93
17 502531433
18 80
19 500145625
20 438636070
21 20
22 437112846
23 40
24 340798133
25 32
26 339544168
27 25
28 17
29 310556427
30 10
31 310055565
32 219
33 408750369
34 227
35 408214860
36 354030091
37 94
38 353357132
39 94
40 258141548
41 60
42 256405019
43 64
44 55
45 247400994
46 56
47 246603073
48 61
49 288777700
50 42
51 289186663
52 254444436
53 22
54 254783502
55 34
56 242624882
57 26
58 242896563
59 37
60 26
61 222618641
62 24
63 222684185
64 857795616
65 3
66 859921061
67 15
68 22
69 616167926
70 11
71 618546714
72 27
73 488586771
74 8
75 488678247
76 388186837
77 7
78 388437999
79 10
80 347364131
81 14
82 346617339
83 27
84 8
85 305343742
86 11
87 304717471
88 8
89 274160005
90 8
91 273946925
92 235170129
93 5
94 234806329
95 8
96 392512288
97 16
98 393105111
99 29
100 12
101 325045925
102 9
103 325231157
104 14
105 246263421
106 11
107 246388853
108 218037181
109 3
110 218350707
111 18
112 249122944
113 9
114 249185213
115 26
116 26
117 206611893
118 16
119 206392447
120 11
121 163857497
122 7
123 163753928
124 143003163
125 3
126 142875043
127 5
128 449576125
129 4
130 449319406
131 4
132 8
133 338203140
134 5
135 337851406
136 0
137 290925272
138 0
139 290923064
140 246615139
141 0
142 246592988
143 0
144 198655004
145 7
146 198675211
147 7
148 3
149 180786446
150 1
151 180895624
152 1
153 158610337
154 2
155 158672044
156 147676418
157 0
158 147719408
159 1
160 254075705
161 41
162 254077920
163 44
164 31
165 192782104
166 32
167 192806916
168 17
169 172782291
170 10
171 172667095
172 142133075
173 8
174 142122781
175 10
176 108427723
177 16
178 108245639
179 8
180 13
181 92321101
182 12
183 92105792
184 3
185 91901942
186 7
187 91841979
188 78810856
189 1
190 78711859
191 2
192 1
193 317907982
194 1
195 317867605
196 203737805
197 0
198 203705506
199 0
200 167347235
201 0
202 167253622
203 0
204 0
205 131197991
206 0
207 131046754
208 2
209 113109995
210 3
211 113048299
212 95361267
213 0
214 95249367
215 0
216 82251338
217 0
218 82105004
219 0
220 0
221 72721317
222 0
223 72574806
224 0
225 131246621
226 1
227 131336597
228 93642697
229 1
230 93691543
231 1
232 76733723
233 0
234 76795868
235 0
236 0
237 61309837
238 0
239 61313732
240 3
241 67235504
242 1
243 67138528
244 54686919
245 0
246 54602425
247 1
248 45232708
249 3
250 45161247
251 1
252 0
253 37850760
254 0
255 37797986
256 822420443
257 4
258 654366635
259 1
260 4
261 120367636
262 2
263 97016200
264 0
265 31027773
266 0
267 27816888
268 13077709
269 0
270 7260527
271 0
272 3012741
273 0
274 3186205
275 0
276 0
277 3249639
278 0
279 2214824
280 0
281 1858810
282 1
283 1714708
284 1896203
285 0
286 1498598
287 0
288 540271
289 0
290 485042
291 0
292 0
293 731906
294 0
295 683196
296 0
297 973223
298 1
299 910607
300 572753
301 0
302 487369
303 0
304 576041
305 0
306 555596
307 0
308 0
309 256258
310 0
311 225403
312 0
313 111348
314 0
315 88329
316 58832
317 0
318 53927
319 0
320 0
321 187240
322 0
323 114114
324 32314
325 0
326 23653
327 0
328 11857
329 0
330 10345
331 0
332 0
333 5878
334 0
335 3483
336 0
337 1393
338 0
339 1075
340 756
341 0
342 568
343 0
344 401
345 0
346 305
347 0
348 0
349 281
350 0
351 204
352 0
353 138
354 0
355 118
356 91
357 0
358 89
359 0
360 57
361 0
362 47
363 0
364 0
365 34
366 0
367 20
368 0
369 14
370 0
371 14
372 8
373 0
374 4
375 0
376 17
377 0
378 4
379 0
380 0
381 6
382 0
383 2
384 0
385 13
386 0
387 1
