0 9
1 97
2 31
3 110
4 107
5 28
6 113
7 12
8 257
9 7
10 201
11 25
12 16
13 122
14 21
15 157
16 93
17 180
18 69
19 188
20 157
21 12
22 124
23 38
24 70
25 28
26 65
27 25
28 17
29 56
30 10
31 46
32 120
33 62
34 101
35 111
36 68
37 56
38 56
39 60
40 24
41 35
42 34
43 29
44 24
45 18
46 30
47 18
48 22
49 30
50 14
51 41
52 30
53 16
54 27
55 25
56 35
57 12
58 24
59 13
60 6
61 26
62 11
63 22
64 71
65 0
66 17
67 9
68 2
69 7
70 2
71 36
72 4
73 12
74 0
75 28
76 32
77 0
78 14
79 9
80 34
81 12
82 17
83 22
84 5
85 7
86 9
87 6
88 5
89 5
90 2
91 3
92 1
93 1
94 5
95 5
96 13
97 1
98 2
99 2
100 1
101 0
102 1
103 2
104 1
