0 9
1 64589
2 31
3 67062
4 52444
5 28
6 53679
7 12
8 74168
9 11
10 74368
11 25
12 16
13 61790
14 24
15 61674
16 93
17 61479
18 80
19 60446
20 54345
21 20
22 54403
23 40
24 43494
25 32
26 43185
27 25
28 17
29 39363
30 10
31 39396
32 219
33 50410
34 227
35 50178
36 43264
37 94
38 42988
39 94
40 32068
41 60
42 32054
43 64
44 55
45 29291
46 56
47 29594
48 61
49 37000
50 42
51 36769
52 32494
53 22
54 32539
55 34
56 29214
57 26
58 29273
59 37
60 26
61 27542
62 24
63 27851
64 103538
65 3
66 104142
67 15
68 22
69 76057
70 11
71 76657
72 27
73 63201
74 8
75 63303
76 50788
77 7
78 50792
79 10
80 42587
81 14
82 42134
83 27
84 8
85 37281
86 11
87 37286
88 8
89 34146
90 8
91 33820
92 29307
93 5
94 29380
95 8
96 52757
97 16
98 53499
99 29
100 12
101 43256
102 9
103 43724
104 14
105 33261
106 11
107 33113
108 28773
109 3
110 28753
111 18
112 31238
113 9
114 31210
115 26
116 26
117 25787
118 16
119 25522
120 11
121 20900
122 7
123 20821
124 17972
125 3
126 18035
127 5
128 60328
129 4
130 60353
131 4
132 8
133 40873
134 5
135 41141
136 0
137 32830
138 0
139 32758
140 26907
141 0
142 26693
143 0
144 23547
145 7
146 23284
147 7
148 3
149 20931
150 1
151 20996
152 1
153 16467
154 2
155 16337
156 14382
157 0
158 14268
159 1
160 29661
161 41
162 29785
163 44
164 31
165 21301
166 32
167 21370
168 17
169 17762
170 10
171 17083
172 13972
173 8
174 14012
175 10
176 12259
177 16
178 12367
179 8
180 13
181 9691
182 12
183 9886
184 3
185 9474
186 7
187 9461
188 8043
189 1
190 7667
191 2
192 1
193 46552
194 1
195 46831
196 27295
197 0
198 27642
199 0
200 19732
201 0
202 19932
203 0
204 0
205 14700
206 0
207 14636
208 2
209 14602
210 3
211 14487
212 11944
213 0
214 11802
215 0
216 9671
217 0
218 9641
219 0
220 0
221 7894
222 0
223 7998
224 0
225 16449
226 1
227 16120
228 10877
229 1
230 10734
231 1
232 8081
233 0
234 8133
235 0
236 0
237 6216
238 0
239 6269
240 3
241 7799
242 1
243 7866
244 6238
245 0
246 6255
247 1
248 4720
249 3
250 4819
251 1
252 0
253 3906
254 0
255 4055
256 88287
257 4
258 68552
259 1
260 4
261 12077
262 2
263 9304
264 0
265 3290
266 0
267 3010
268 1393
269 0
270 878
271 0
272 427
273 0
274 393
275 0
276 0
277 372
278 0
279 309
280 0
281 307
282 1
283 221
284 269
285 0
286 254
287 0
288 76
289 0
290 57
291 0
292 0
293 118
294 0
295 112
296 0
297 154
298 1
299 147
300 91
301 0
302 74
303 0
304 141
305 0
306 123
307 0
308 0
309 51
310 0
311 47
312 0
313 22
314 0
315 11
316 17
317 0
318 10
319 0
320 0
321 47
322 0
323 36
324 12
325 0
326 10
327 0
328 3
329 0
330 4
331 0
332 0
333 1
334 0
335 4
336 0
337 1
338 0
339 0
340 0
341 0
342 0
343 0
344 0
345 0
346 1
347 0
348 0
349 1
