0 9
1 66859800
2 31
3 68654137
4 54716501
5 28
6 56064718
7 12
8 74411148
9 11
10 74395071
11 25
12 16
13 59909362
14 24
15 60062512
16 93
17 62809381
18 80
19 62504369
20 54794339
21 20
22 54611695
23 40
24 42555267
25 32
26 42386352
27 25
28 17
29 38765724
30 10
31 38703356
32 219
33 51037651
34 227
35 50966508
36 44219986
37 94
38 44135588
39 94
40 32233036
41 60
42 32013780
43 64
44 55
45 30926185
46 56
47 30822303
48 61
49 35991802
50 42
51 36022515
52 31693051
53 22
54 31733379
55 34
56 30300023
57 26
58 30332163
59 37
60 26
61 27783099
62 24
63 27781821
64 107214311
65 3
66 107491017
67 15
68 22
69 76893863
70 11
71 77203181
72 27
73 60885457
74 8
75 60907635
76 48354007
77 7
78 48369741
79 10
80 43401878
81 14
82 43295525
83 27
84 8
85 38161949
86 11
87 38094092
88 8
89 34233712
90 8
91 34204481
92 29364186
93 5
94 29325201
95 8
96 48885224
97 16
98 48962194
99 29
100 12
101 40480085
102 9
103 40516653
104 14
105 30671559
106 11
107 30691890
108 27189680
109 3
110 27212511
111 18
112 31106071
113 9
114 31116466
115 26
116 26
117 25795189
118 16
119 25773157
120 11
121 20460758
122 7
123 20448011
124 17843056
125 3
126 17839020
127 5
128 55991640
129 4
130 55965206
131 4
132 8
133 42304806
134 5
135 42267970
136 0
137 36508361
138 0
139 36501674
140 31009135
141 0
142 31004793
143 0
144 24839278
145 7
146 24845493
147 7
148 3
149 22653512
150 1
151 22670128
152 1
153 19965721
154 2
155 19973348
156 18626885
157 0
158 18631598
159 1
160 31848974
161 41
162 31838944
163 44
164 31
165 24218580
166 32
167 24224663
168 17
169 21779703
170 10
171 21769552
172 17925251
173 8
174 17928553
175 10
176 13597528
177 16
178 13572349
179 8
180 13
181 11604914
182 12
183 11574737
184 3
185 11576832
186 7
187 11572373
188 9944092
189 1
190 9932124
191 2
192 1
193 39342386
194 1
195 39343102
196 25314198
197 0
198 25321819
199 0
200 20936198
201 0
202 20928298
203 0
204 0
205 16459043
206 0
207 16438256
208 2
209 14101552
210 3
211 14093034
212 11923957
213 0
214 11908876
215 0
216 10306939
217 0
218 10287077
219 0
220 0
221 9134489
222 0
223 9115244
224 0
225 16409730
226 1
227 16419737
228 11743079
229 1
230 11751928
231 1
232 9666908
233 0
234 9674472
235 0
236 0
237 7730290
238 0
239 7731971
240 3
241 8430527
242 1
243 8411304
244 6856211
245 0
246 6846281
247 1
248 5686932
249 3
250 5677127
251 1
252 0
253 4762967
254 0
255 4755529
256 103214750
257 4
258 82164109
259 1
260 4
261 15200764
262 2
263 12263264
264 0
265 3926389
266 0
267 3513802
268 1653080
269 0
270 919798
271 0
272 381482
273 0
274 400017
275 0
276 0
277 412061
278 0
279 280315
280 0
281 235226
282 1
283 217673
284 241158
285 0
286 190254
287 0
288 68643
289 0
290 61501
291 0
292 0
293 93258
294 0
295 86223
296 0
297 123779
298 1
299 115352
300 73540
301 0
302 62657
303 0
304 74435
305 0
306 71548
307 0
308 0
309 32867
310 0
311 29038
312 0
313 14267
314 0
315 11577
316 7635
317 0
318 6864
319 0
320 0
321 23863
322 0
323 14834
324 4197
325 0
326 3117
327 0
328 1579
329 0
330 1357
331 0
332 0
333 796
334 0
335 515
336 0
337 199
338 0
339 144
340 101
341 0
342 93
343 0
344 48
345 0
346 44
347 0
348 0
349 40
350 0
351 36
352 0
353 14
354 0
355 15
356 7
357 0
358 10
359 0
360 12
361 0
362 7
363 0
364 0
365 9
366 0
367 3
368 0
369 4
370 0
371 8
372 1
373 0
374 0
375 0
376 3
377 0
378 0
379 0
380 0
381 0
382 0
383 0
384 0
385 2
386 0
387 1
