0 9
1 7797
2 31
3 8181
4 6292
5 28
6 6376
7 12
8 9008
9 11
10 9117
11 25
12 16
13 7503
14 24
15 7438
16 93
17 8120
18 80
19 7713
20 7078
21 20
22 7017
23 40
24 5590
25 32
26 5636
27 25
28 17
29 5021
30 10
31 5075
32 219
33 6612
34 227
35 6648
36 5665
37 94
38 5851
39 94
40 4290
41 60
42 4302
43 64
44 55
45 3698
46 56
47 3827
48 61
49 4404
50 42
51 4412
52 4005
53 22
54 3817
55 34
56 3609
57 26
58 3654
59 37
60 26
61 3413
62 24
63 3507
64 13357
65 3
66 13162
67 15
68 22
69 9607
70 11
71 9491
72 27
73 8060
74 8
75 8135
76 6550
77 7
78 6580
79 10
80 5133
81 14
82 5073
83 27
84 8
85 4532
86 11
87 4468
88 8
89 4091
90 8
91 3955
92 3464
93 5
94 3469
95 8
96 6298
97 16
98 6455
99 29
100 12
101 5232
102 9
103 5372
104 14
105 3942
106 11
107 3971
108 3502
109 3
110 3374
111 18
112 4116
113 9
114 4108
115 26
116 26
117 3237
118 16
119 3135
120 11
121 2820
122 7
123 2670
124 2222
125 3
126 2369
127 5
128 7456
129 4
130 7514
131 4
132 8
133 4981
134 5
135 5020
136 0
137 4157
138 0
139 4097
140 3351
141 0
142 3404
143 0
144 3098
145 7
146 3027
147 7
148 3
149 2729
150 1
151 2654
152 1
153 2068
154 2
155 2001
156 1749
157 0
158 1778
159 1
160 3723
161 41
162 3758
163 44
164 31
165 2703
166 32
167 2717
168 17
169 2281
170 10
171 2104
172 1695
173 8
174 1694
175 10
176 1424
177 16
178 1475
179 8
180 13
181 1151
182 12
183 1252
184 3
185 1196
186 7
187 1203
188 1008
189 1
190 1007
191 2
192 1
193 5824
194 1
195 5822
196 3350
197 0
198 3491
199 0
200 2485
201 0
202 2523
203 0
204 0
205 1770
206 0
207 1830
208 2
209 1675
210 3
211 1654
212 1422
213 0
214 1335
215 0
216 1154
217 0
218 1130
219 0
220 0
221 974
222 0
223 919
224 0
225 1956
226 1
227 1960
228 1290
229 1
230 1279
231 1
232 973
233 0
234 952
235 0
236 0
237 697
238 0
239 696
240 3
241 977
242 1
243 1071
244 861
245 0
246 863
247 1
248 646
249 3
250 631
251 1
252 0
253 536
254 0
255 544
256 10178
257 4
258 7828
259 1
260 4
261 1546
262 2
263 1223
264 0
265 464
266 0
267 384
268 181
269 0
270 132
271 0
272 54
273 0
274 53
275 0
276 0
277 45
278 0
279 48
280 0
281 48
282 1
283 52
284 36
285 0
286 52
287 0
288 3
289 0
290 2
291 0
292 0
293 5
294 0
295 9
296 0
297 21
298 1
299 26
300 24
301 0
302 8
303 0
304 40
305 0
306 20
307 0
308 0
309 6
310 0
311 2
312 0
313 3
314 0
315 2
316 3
317 0
318 1
319 0
320 0
321 20
322 0
323 13
324 4
325 0
326 8
327 0
328 0
329 0
330 0
331 0
332 0
333 1
334 0
335 1
