0 9
1 8309917
2 31
3 8532027
4 6780692
5 28
6 6947476
7 12
8 9327780
9 11
10 9321169
11 25
12 16
13 7545462
14 24
15 7566949
16 93
17 7875593
18 80
19 7836042
20 6884846
21 20
22 6860998
23 40
24 5352085
25 32
26 5333302
27 25
28 17
29 4878743
30 10
31 4872302
32 219
33 6422058
34 227
35 6412808
36 5559407
37 94
38 5545298
39 94
40 4057937
41 60
42 4028417
43 64
44 55
45 3869677
46 56
47 3861721
48 61
49 4559588
50 42
51 4568095
52 4020813
53 22
54 4021094
55 34
56 3802023
57 26
58 3800637
59 37
60 26
61 3499160
62 24
63 3502063
64 13405011
65 3
66 13443453
67 15
68 22
69 9669152
70 11
71 9710887
72 27
73 7716991
74 8
75 7722253
76 6147473
77 7
78 6155294
79 10
80 5436198
81 14
82 5423993
83 27
84 8
85 4778770
86 11
87 4769122
88 8
89 4299657
90 8
91 4290634
92 3682330
93 5
94 3676324
95 8
96 6219563
97 16
98 6227208
99 29
100 12
101 5137441
102 9
103 5149700
104 14
105 3892568
106 11
107 3892337
108 3436030
109 3
110 3438562
111 18
112 3910859
113 9
114 3912173
115 26
116 26
117 3245109
118 16
119 3236939
120 11
121 2579368
122 7
123 2581044
124 2252863
125 3
126 2253037
127 5
128 7095839
129 4
130 7085677
131 4
132 8
133 5262919
134 5
135 5260929
136 0
137 4488550
138 0
139 4489254
140 3772890
141 0
142 3769916
143 0
144 3105025
145 7
146 3108340
147 7
148 3
149 2804059
150 1
151 2802973
152 1
153 2419218
154 2
155 2419394
156 2236941
157 0
158 2238265
159 1
160 3930359
161 41
162 3927582
163 44
164 31
165 2953401
166 32
167 2956253
168 17
169 2618070
170 10
171 2617720
172 2152371
173 8
174 2151712
175 10
176 1677717
177 16
178 1673548
179 8
180 13
181 1413988
182 12
183 1412017
184 3
185 1397294
186 7
187 1398679
188 1193943
189 1
190 1192450
191 2
192 1
193 5147037
194 1
195 5146537
196 3235447
197 0
198 3242092
199 0
200 2603650
201 0
202 2603630
203 0
204 0
205 2022668
206 0
207 2015137
208 2
209 1783687
210 3
211 1783121
212 1491650
213 0
214 1487549
215 0
216 1271581
217 0
218 1271126
219 0
220 0
221 1114328
222 0
223 1114030
224 0
225 2050824
226 1
227 2051618
228 1446584
229 1
230 1448620
231 1
232 1165350
233 0
234 1168338
235 0
236 0
237 929618
238 0
239 929680
240 3
241 1045707
242 1
243 1043265
244 847168
245 0
246 846595
247 1
248 693247
249 3
250 691686
251 1
252 0
253 577829
254 0
255 577740
256 12646768
257 4
258 10047511
259 1
260 4
261 1813705
262 2
263 1450796
264 0
265 465318
266 0
267 416616
268 194499
269 0
270 108646
271 0
272 45938
273 0
274 48472
275 0
276 0
277 48875
278 0
279 33541
280 0
281 28389
282 1
283 26137
284 28886
285 0
286 22686
287 0
288 7989
289 0
290 7085
291 0
292 0
293 10991
294 0
295 10177
296 0
297 15122
298 1
299 13933
300 8891
301 0
302 7696
303 0
304 9157
305 0
306 8739
307 0
308 0
309 3951
310 0
311 3486
312 0
313 1684
314 0
315 1438
316 925
317 0
318 869
319 0
320 0
321 3209
322 0
323 1931
324 517
325 0
326 390
327 0
328 208
329 0
330 162
331 0
332 0
333 100
334 0
335 69
336 0
337 19
338 0
339 22
340 14
341 0
342 11
343 0
344 7
345 0
346 5
347 0
348 0
349 5
350 0
351 7
352 0
353 1
354 0
355 3
356 0
357 0
358 0
359 0
360 1
361 0
362 1
363 0
364 0
365 2
366 0
367 0
368 0
369 2
370 0
371 5
