0 9
1 870
2 31
3 934
4 745
5 28
6 863
7 12
8 1144
9 11
10 1172
11 25
12 16
13 951
14 24
15 929
16 93
17 946
18 80
19 871
20 871
21 20
22 818
23 40
24 706
25 32
26 681
27 25
28 17
29 629
30 10
31 607
32 219
33 531
34 227
35 572
36 439
37 94
38 457
39 94
40 405
41 60
42 353
43 64
44 55
45 259
46 56
47 297
48 61
49 513
50 42
51 505
52 480
53 22
54 402
55 34
56 453
57 26
58 418
59 37
60 26
61 388
62 24
63 431
64 1787
65 3
66 1863
67 15
68 22
69 1131
70 11
71 1172
72 27
73 953
74 8
75 955
76 691
77 7
78 764
79 10
80 598
81 14
82 569
83 27
84 8
85 521
86 11
87 493
88 8
89 464
90 8
91 372
92 394
93 5
94 350
95 8
96 1125
97 16
98 1150
99 29
100 12
101 771
102 9
103 793
104 14
105 568
106 11
107 600
108 525
109 3
110 497
111 18
112 593
113 9
114 521
115 26
116 26
117 392
118 16
119 432
120 11
121 365
122 7
123 350
124 283
125 3
126 286
127 5
128 1300
129 4
130 1244
131 4
132 8
133 887
134 5
135 769
136 0
137 587
138 0
139 598
140 470
141 0
142 492
143 0
144 397
145 7
146 357
147 7
148 3
149 320
150 1
151 313
152 1
153 267
154 2
155 249
156 251
157 0
158 218
159 1
160 438
161 41
162 495
163 44
164 31
165 309
166 32
167 397
168 17
169 279
170 10
171 259
172 223
173 8
174 242
175 10
176 215
177 16
178 210
179 8
180 13
181 155
182 12
183 167
184 3
185 169
186 7
187 161
188 136
189 1
190 145
191 2
192 1
193 560
194 1
195 554
196 288
197 0
198 282
199 0
200 296
201 0
202 270
203 0
204 0
205 199
206 0
207 213
208 2
209 204
210 3
211 192
212 178
213 0
214 169
215 0
216 122
217 0
218 156
219 0
220 0
221 123
222 0
223 118
224 0
225 155
226 1
227 144
228 101
229 1
230 134
231 1
232 60
233 0
234 66
235 0
236 0
237 62
238 0
239 54
240 3
241 63
242 1
243 79
244 63
245 0
246 54
247 1
248 50
249 3
250 53
251 1
252 0
253 46
254 0
255 51
256 1116
257 4
258 722
259 1
260 4
261 158
262 2
263 151
264 0
265 56
266 0
267 45
268 19
269 0
270 15
271 0
272 9
273 0
274 8
275 0
276 0
277 8
278 0
279 4
280 0
281 5
282 1
283 6
284 2
285 0
286 6
287 0
288 0
289 0
290 1
291 0
292 0
293 0
294 0
295 0
296 0
297 0
298 1
299 4
300 0
301 0
302 1
303 0
304 1
305 0
306 2
