0 9
1 1039079
2 31
3 1065526
4 839299
5 28
6 861472
7 12
8 1174903
9 11
10 1175465
11 25
12 16
13 958457
14 24
15 960778
16 93
17 979371
18 80
19 974454
20 859382
21 20
22 855988
23 40
24 669902
25 32
26 666523
27 25
28 17
29 612290
30 10
31 613220
32 219
33 804007
34 227
35 802175
36 694100
37 94
38 694394
39 94
40 507596
41 60
42 503895
43 64
44 55
45 481609
46 56
47 479965
48 61
49 589396
50 42
51 590655
52 521017
53 22
54 519742
55 34
56 482321
57 26
58 482234
59 37
60 26
61 444457
62 24
63 448208
64 1671963
65 3
66 1678930
67 15
68 22
69 1216481
70 11
71 1224019
72 27
73 984310
74 8
75 986976
76 788168
77 7
78 789765
79 10
80 688316
81 14
82 685547
83 27
84 8
85 602530
86 11
87 599774
88 8
89 544275
90 8
91 542598
92 466060
93 5
94 464868
95 8
96 803627
97 16
98 803698
99 29
100 12
101 660217
102 9
103 662499
104 14
105 499236
106 11
107 499509
108 438640
109 3
110 437670
111 18
112 486733
113 9
114 488657
115 26
116 26
117 406079
118 16
119 404763
120 11
121 324678
122 7
123 323459
124 283560
125 3
126 284065
127 5
128 917285
129 4
130 915012
131 4
132 8
133 657324
134 5
135 660496
136 0
137 547816
138 0
139 547706
140 452524
141 0
142 451339
143 0
144 380363
145 7
146 381171
147 7
148 3
149 340326
150 1
151 339860
152 1
153 285370
154 2
155 285851
156 260102
157 0
158 260541
159 1
160 480245
161 41
162 480044
163 44
164 31
165 353449
166 32
167 353992
168 17
169 305328
170 10
171 305221
172 250501
173 8
174 250616
175 10
176 206947
177 16
178 205990
179 8
180 13
181 170515
182 12
183 171051
184 3
185 166719
186 7
187 166208
188 140438
189 1
190 139071
191 2
192 1
193 682416
194 1
195 682850
196 416672
197 0
198 418905
199 0
200 322094
201 0
202 322301
203 0
204 0
205 245014
206 0
207 243978
208 2
209 229948
210 3
211 228733
212 188326
213 0
214 187439
215 0
216 157046
217 0
218 156902
219 0
220 0
221 134834
222 0
223 135081
224 0
225 256772
226 1
227 255864
228 176028
229 1
230 176246
231 1
232 137364
233 0
234 137352
235 0
236 0
237 108939
238 0
239 108703
240 3
241 127798
242 1
243 127720
244 102598
245 0
246 102710
247 1
248 82029
249 3
250 82013
251 1
252 0
253 68474
254 0
255 68327
256 1535404
257 4
258 1214783
259 1
260 4
261 210652
262 2
263 164863
264 0
265 54237
266 0
267 48610
268 22283
269 0
270 12568
271 0
272 5548
273 0
274 5845
275 0
276 0
277 5655
278 0
279 4058
280 0
281 3428
282 1
283 3063
284 3474
285 0
286 2788
287 0
288 986
289 0
290 885
291 0
292 0
293 1389
294 0
295 1237
296 0
297 1941
298 1
299 1767
300 1068
301 0
302 961
303 0
304 1119
305 0
306 1094
307 0
308 0
309 486
310 0
311 454
312 0
313 218
314 0
315 138
316 124
317 0
318 116
319 0
320 0
321 387
322 0
323 241
324 75
325 0
326 56
327 0
328 21
329 0
330 19
331 0
332 0
333 9
334 0
335 7
336 0
337 2
338 0
339 0
340 2
341 0
342 1
343 0
344 0
345 0
346 2
347 0
348 0
349 2
