0 9
1 1068814092
2 31
3 1097461139
4 874176009
5 28
6 895451581
7 12
8 1192209796
9 11
10 1191426160
11 25
12 16
13 960459332
14 24
15 963035721
16 93
17 1005181418
18 80
19 1000414101
20 877386939
21 20
22 874290607
23 40
24 681732989
25 32
26 679161696
27 25
28 17
29 621206678
30 10
31 620231787
32 219
33 817754622
34 227
35 816646996
36 708234490
37 94
38 706827295
39 94
40 516316808
41 60
42 512807765
43 64
44 55
45 494826096
46 56
47 493222044
48 61
49 577472612
50 42
51 578245231
52 508803611
53 22
54 509409513
55 34
56 485215950
57 26
58 485787917
59 37
60 26
61 445220971
62 24
63 445300927
64 1715491796
65 3
66 1719782465
67 15
68 22
69 1232318523
70 11
71 1237084536
72 27
73 977107696
74 8
75 977265114
76 776289674
77 7
78 776764760
79 10
80 694529307
81 14
82 693038640
83 27
84 8
85 610556071
86 11
87 609263742
88 8
89 548211426
90 8
91 547773998
92 470318101
93 5
94 469555764
95 8
96 784780336
97 16
98 785962808
99 29
100 12
101 649866067
102 9
103 650282401
104 14
105 492481954
106 11
107 492709622
108 436038368
109 3
110 436654940
111 18
112 498373558
113 9
114 498526904
115 26
116 26
117 413330742
118 16
119 412862910
120 11
121 327770318
122 7
123 327563814
124 286014433
125 3
126 285767983
127 5
128 899265093
129 4
130 898750525
131 4
132 8
133 676433137
134 5
135 675760882
136 0
137 581935664
138 0
139 581874418
140 493265171
141 0
142 493272118
143 0
144 397369080
145 7
146 397446377
147 7
148 3
149 361700013
150 1
151 361874640
152 1
153 317287485
154 2
155 317405041
156 295431884
157 0
158 295496916
159 1
160 508215476
161 41
162 508249854
163 44
164 31
165 385651621
166 32
167 385659328
168 17
169 345603134
170 10
171 345363752
172 284305259
173 8
174 284295236
175 10
176 216852296
177 16
178 216479568
179 8
180 13
181 184658285
182 12
183 184215222
184 3
185 183814350
186 7
187 183678539
188 157598490
189 1
190 157429794
191 2
192 1
193 635870060
194 1
195 635845943
196 407523252
197 0
198 407456385
199 0
200 334714240
201 0
202 334539626
203 0
204 0
205 262394364
206 0
207 262133379
208 2
209 226175470
210 3
211 226040853
212 190676022
213 0
214 190494716
215 0
216 164467981
217 0
218 164194845
219 0
220 0
221 145435815
222 0
223 145138501
224 0
225 262385359
226 1
227 262582297
228 187256907
229 1
230 187381543
231 1
232 153483511
233 0
234 153593109
235 0
236 0
237 122641165
238 0
239 122641668
240 3
241 134515930
242 1
243 134306944
244 109393259
245 0
246 109230554
247 1
248 90498056
249 3
250 90357538
251 1
252 0
253 75726147
254 0
255 75627464
256 1644709729
257 4
258 1308637998
259 1
260 4
261 240725831
262 2
263 194012511
264 0
265 62037951
266 0
267 55620850
268 26147848
269 0
270 14518295
271 0
272 6023592
273 0
274 6366536
275 0
276 0
277 6499059
278 0
279 4426799
280 0
281 3712028
282 1
283 3423528
284 3789755
285 0
286 2993452
287 0
288 1081828
289 0
290 969252
291 0
292 0
293 1460692
294 0
295 1366429
296 0
297 1945130
298 1
299 1820019
300 1144394
301 0
302 974397
303 0
304 1149498
305 0
306 1111741
307 0
308 0
309 511808
310 0
311 449522
312 0
313 221489
314 0
315 176358
316 117180
317 0
318 107728
319 0
320 0
321 373853
322 0
323 228008
324 65178
325 0
326 47428
327 0
328 23567
329 0
330 20514
331 0
332 0
333 11330
334 0
335 6939
336 0
337 2752
338 0
339 2096
340 1489
341 0
342 1102
343 0
344 762
345 0
346 657
347 0
348 0
349 528
350 0
351 400
352 0
353 289
354 0
355 245
356 181
357 0
358 166
359 0
360 108
361 0
362 82
363 0
364 0
365 67
366 0
367 39
368 0
369 24
370 0
371 22
372 17
373 0
374 12
375 0
376 28
377 0
378 18
379 0
380 0
381 13
382 0
383 6
384 0
385 22
386 0
387 1
