0 9
1 175
2 31
3 145
4 152
5 28
6 201
7 12
8 293
9 11
10 262
11 25
12 16
13 232
14 24
15 209
16 93
17 233
18 71
19 220
20 198
21 12
22 167
23 38
24 87
25 29
26 94
27 25
28 17
29 91
30 10
31 66
32 216
33 147
34 217
35 189
36 140
37 87
38 151
39 93
40 124
41 59
42 97
43 64
44 54
45 47
46 55
47 45
48 53
49 73
50 40
51 75
52 47
53 22
54 50
55 30
56 49
57 24
58 44
59 29
60 19
61 35
62 22
63 35
64 255
65 2
66 277
67 13
68 12
69 137
70 8
71 153
72 20
73 116
74 3
75 106
76 84
77 3
78 102
79 9
80 52
81 14
82 34
83 24
84 7
85 22
86 10
87 27
88 8
89 29
90 5
91 36
92 44
93 3
94 29
95 8
96 37
97 6
98 23
99 12
100 3
101 24
102 3
103 30
104 6
105 20
106 1
107 7
108 25
109 0
110 21
111 4
112 25
113 1
114 12
115 8
116 16
117 14
118 5
119 31
120 5
121 20
122 0
123 13
124 24
125 1
126 16
127 3
128 107
129 3
130 93
131 4
132 7
133 35
134 5
135 35
136 0
137 28
138 0
139 20
140 8
141 0
142 20
143 0
144 7
145 3
146 7
147 1
148 2
149 3
150 0
151 4
152 1
153 4
154 0
155 1
156 3
157 0
158 1
159 0
160 1
161 1
162 1
163 1
164 3
165 1
166 3
167 1
168 0
169 1
170 0
171 0
172 1
