0 9
1 129381
2 31
3 133252
4 104329
5 28
6 106374
7 12
8 147880
9 11
10 147334
11 25
12 16
13 121705
14 24
15 121709
16 93
17 123022
18 80
19 122290
20 108241
21 20
22 108401
23 40
24 85284
25 32
26 84444
27 25
28 17
29 78001
30 10
31 77946
32 219
33 99730
34 227
35 99704
36 85744
37 94
38 85678
39 94
40 63657
41 60
42 63467
43 64
44 55
45 59152
46 56
47 59427
48 61
49 73984
50 42
51 74088
52 65540
53 22
54 65170
55 34
56 59294
57 26
58 59372
59 37
60 26
61 55193
62 24
63 55793
64 208539
65 3
66 209608
67 15
68 22
69 153217
70 11
71 153866
72 27
73 124460
74 8
75 124259
76 100460
77 7
78 100395
79 10
80 85667
81 14
82 85145
83 27
84 8
85 74554
86 11
87 74540
88 8
89 68250
90 8
91 67830
92 58581
93 5
94 58484
95 8
96 104349
97 16
98 105160
99 29
100 12
101 85528
102 9
103 85638
104 14
105 64856
106 11
107 64263
108 56163
109 3
110 56404
111 18
112 62051
113 9
114 62317
115 26
116 26
117 51737
118 16
119 51066
120 11
121 41597
122 7
123 41658
124 36065
125 3
126 36208
127 5
128 116870
129 4
130 117145
131 4
132 8
133 81072
134 5
135 81649
136 0
137 66881
138 0
139 66983
140 54634
141 0
142 54842
143 0
144 46932
145 7
146 46728
147 7
148 3
149 41533
150 1
151 41700
152 1
153 33812
154 2
155 33722
156 30235
157 0
158 30322
159 1
160 58256
161 41
162 58553
163 44
164 31
165 42778
166 32
167 42585
168 17
169 36189
170 10
171 35708
172 29046
173 8
174 29279
175 10
176 25104
177 16
178 24943
179 8
180 13
181 19943
182 12
183 20268
184 3
185 20085
186 7
187 19947
188 16629
189 1
190 16358
191 2
192 1
193 89169
194 1
195 89840
196 52829
197 0
198 53691
199 0
200 39712
201 0
202 40105
203 0
204 0
205 29630
206 0
207 29806
208 2
209 29359
210 3
211 28881
212 23855
213 0
214 23705
215 0
216 19508
217 0
218 19385
219 0
220 0
221 16491
222 0
223 16519
224 0
225 32215
226 1
227 31731
228 21776
229 1
230 21788
231 1
232 16716
233 0
234 16663
235 0
236 0
237 13039
238 0
239 13064
240 3
241 15937
242 1
243 15602
244 12610
245 0
246 12779
247 1
248 9766
249 3
250 10022
251 1
252 0
253 8171
254 0
255 8264
256 186885
257 4
258 148487
259 1
260 4
261 25614
262 2
263 19859
264 0
265 6789
266 0
267 6060
268 2818
269 0
270 1702
271 0
272 744
273 0
274 706
275 0
276 0
277 714
278 0
279 569
280 0
281 531
282 1
283 428
284 524
285 0
286 454
287 0
288 170
289 0
290 145
291 0
292 0
293 249
294 0
295 209
296 0
297 290
298 1
299 286
300 156
301 0
302 144
303 0
304 213
305 0
306 201
307 0
308 0
309 86
310 0
311 77
312 0
313 45
314 0
315 21
316 27
317 0
318 21
319 0
320 0
321 71
322 0
323 49
324 19
325 0
326 12
327 0
328 6
329 0
330 5
331 0
332 0
333 3
334 0
335 4
336 0
337 1
338 0
339 0
340 0
341 0
342 1
343 0
344 0
345 0
346 1
347 0
348 0
349 1
