0 9
1 133717112
2 31
3 137308884
4 109402300
5 28
6 112085666
7 12
8 148887192
9 11
10 148833755
11 25
12 16
13 119888548
14 24
15 120213110
16 93
17 125611144
18 80
19 124997980
20 109611342
21 20
22 109229402
23 40
24 85130082
25 32
26 84793216
27 25
28 17
29 77553380
30 10
31 77414708
32 219
33 102117212
34 227
35 101971680
36 88466509
37 94
38 88296616
39 94
40 64488023
41 60
42 64037419
43 64
44 55
45 61856317
46 56
47 61642226
48 61
49 72007974
50 42
51 72082499
52 63424551
53 22
54 63515478
55 34
56 60610779
57 26
58 60690439
59 37
60 26
61 55582914
62 24
63 55595004
64 214430305
65 3
66 214964321
67 15
68 22
69 153861985
70 11
71 154455555
72 27
73 121879579
74 8
75 121904525
76 96776957
77 7
78 96830862
79 10
80 86793603
81 14
82 86598091
83 27
84 8
85 76310584
86 11
87 76169586
88 8
89 68474060
90 8
91 68417367
92 58746638
93 5
94 58661340
95 8
96 97811114
97 16
98 97957317
99 29
100 12
101 81022787
102 9
103 81069155
104 14
105 61398369
106 11
107 61423306
108 54408526
109 3
110 54463956
111 18
112 62227107
113 9
114 62251601
115 26
116 26
117 51611448
118 16
119 51556043
120 11
121 40926031
122 7
123 40902723
124 35698200
125 3
126 35681283
127 5
128 112094261
129 4
130 112038005
131 4
132 8
133 84594890
134 5
135 84518796
136 0
137 72944639
138 0
139 72939145
140 61942599
141 0
142 61926687
143 0
144 49671168
145 7
146 49677418
147 7
148 3
149 45278871
150 1
151 45308853
152 1
153 39859810
154 2
155 39875924
156 37161957
157 0
158 37173072
159 1
160 63652508
161 41
162 63648504
163 44
164 31
165 48388914
166 32
167 48400197
168 17
169 43478897
170 10
171 43457525
172 35780693
173 8
174 35776429
175 10
176 27175523
177 16
178 27128589
179 8
180 13
181 23175453
182 12
183 23126227
184 3
185 23109528
186 7
187 23101433
188 19843480
189 1
190 19820874
191 2
192 1
193 78884297
194 1
195 78875415
196 50709409
197 0
198 50718907
199 0
200 41867715
201 0
202 41849027
203 0
204 0
205 32894729
206 0
207 32857571
208 2
209 28207830
210 3
211 28191292
212 23841173
213 0
214 23816538
215 0
216 20597928
217 0
218 20564686
219 0
220 0
221 18249713
222 0
223 18215647
224 0
225 32826092
226 1
227 32848869
228 23473516
229 1
230 23486418
231 1
232 19292239
233 0
234 19312023
235 0
236 0
237 15428805
238 0
239 15434637
240 3
241 16846842
242 1
243 16818354
244 13704931
245 0
246 13681606
247 1
248 11361267
249 3
250 11340282
251 1
252 0
253 9518445
254 0
255 9497994
256 206280831
257 4
258 164217556
259 1
260 4
261 30334813
262 2
263 24471284
264 0
265 7826876
266 0
267 7008051
268 3295842
269 0
270 1831187
271 0
272 757138
273 0
274 799209
275 0
276 0
277 820615
278 0
279 558060
280 0
281 467774
282 1
283 431780
284 477384
285 0
286 377320
287 0
288 136644
289 0
290 122570
291 0
292 0
293 185372
294 0
295 172134
296 0
297 245617
298 1
299 229392
300 144603
301 0
302 123216
303 0
304 145392
305 0
306 140637
307 0
308 0
309 64726
310 0
311 56829
312 0
313 27877
314 0
315 22371
316 14728
317 0
318 13396
319 0
320 0
321 46430
322 0
323 28399
324 7978
325 0
326 6000
327 0
328 2949
329 0
330 2597
331 0
332 0
333 1457
334 0
335 904
336 0
337 359
338 0
339 261
340 194
341 0
342 154
343 0
344 98
345 0
346 76
347 0
348 0
349 81
350 0
351 57
352 0
353 29
354 0
355 26
356 21
357 0
358 16
359 0
360 18
361 0
362 10
363 0
364 0
365 12
366 0
367 7
368 0
369 5
370 0
371 9
372 2
373 0
374 2
375 0
376 5
377 0
378 1
379 0
380 0
381 2
382 0
383 0
384 0
385 6
386 0
387 1
