0 9
1 3259
2 3203
3 20
4 4223
5 19
6 15
7 4244
8 4582
9 18
10 13
11 4611
12 7
13 5361
14 5348
15 7
16 34851
17 15
18 18
19 35381
20 11
21 38962
22 39375
23 9
24 13
25 31895
26 31850
27 8
28 33238
29 4
30 6
31 33405
32 9428
33 60
34 61
35 9543
36 34
37 10153
38 10648
39 25
40 41
41 14235
42 14952
43 33
44 15438
45 32
46 28
47 16240
48 12
49 13145
50 12936
51 16
52 12068
53 7
54 9
55 11875
56 11129
57 20
58 11
59 10763
60 9
61 10913
62 10898
63 3
64 28498
65 21
66 32
67 27571
68 12
69 25251
70 24671
71 7
72 12
73 16875
74 16626
75 13
76 15910
77 5
78 7
79 15384
80 13
81 7504
82 7144
83 9
84 7299
85 3
86 3
87 7186
88 7206
89 5
90 5
91 7080
92 3
93 6720
94 6536
95 1
96 38
97 10214
98 10213
99 34
100 9638
101 17
102 18
103 9817
104 6715
105 22
106 13
107 6762
108 16
109 6519
110 6542
111 8
112 3119
113 13
114 9
115 3102
116 11
117 3155
118 3032
119 11
120 6
121 2984
122 2898
123 9
124 2995
125 7
126 3
127 2967
128 45279
129 20
130 17
131 41277
132 0
133 33063
134 28323
135 7
136 9
137 17413
138 13744
139 7
140 13827
141 2
142 3
143 9714
144 3
145 2171
146 2020
147 2
148 1828
149 0
150 0
151 1564
152 1165
153 0
154 1
155 1025
156 0
157 1383
158 1092
159 0
160 9
161 242
162 226
163 8
164 310
165 3
166 1
167 308
168 288
169 2
170 0
171 336
172 0
173 324
174 323
175 0
176 525
177 1
178 0
179 443
180 1
181 458
182 408
183 2
184 0
185 227
186 249
187 0
188 252
189 1
190 0
191 216
192 0
193 188
194 207
195 0
196 124
197 0
198 0
199 122
200 79
201 0
202 0
203 82
204 0
205 88
206 76
207 0
208 42
209 0
210 0
211 44
212 0
213 32
214 36
215 0
216 0
217 24
218 17
219 0
220 10
221 0
222 0
223 8
224 1
225 0
226 0
227 0
228 0
229 1
230 0
231 0
232 0
233 2
234 1
235 0
236 0
237 0
238 0
239 0
240 0
241 0
242 2
243 0
244 0
245 0
246 0
247 1
248 1
249 0
250 0
251 0
252 0
253 1
254 0
255 0
256 1
