0 9
1 3053645
2 3125544
3 20
4 4241116
5 19
6 15
7 4362934
8 4413554
9 18
10 13
11 4487555
12 7
13 5343788
14 5493729
15 7
16 35798629
17 15
18 18
19 36088262
20 11
21 39693527
22 40043490
23 9
24 13
25 32791593
26 32697209
27 8
28 34182994
29 4
30 6
31 34295689
32 9341756
33 60
34 61
35 9798049
36 34
37 10291796
38 10828503
39 25
40 41
41 14605413
42 15151859
43 33
44 15757344
45 32
46 28
47 16415492
48 12
49 13918972
50 13550014
51 16
52 12828897
53 7
54 9
55 12492869
56 11757126
57 20
58 11
59 11515415
60 9
61 11665955
62 11489482
63 3
64 29319275
65 21
66 32
67 28842382
68 12
69 26059862
70 25604534
71 7
72 12
73 17712377
74 17418029
75 13
76 16324144
77 5
78 7
79 16037046
80 13
81 7297768
82 7182134
83 9
84 7179581
85 3
86 3
87 7071620
88 7217497
89 5
90 5
91 7105111
92 3
93 6831214
94 6734811
95 1
96 38
97 10291833
98 10247192
99 34
100 9651557
101 17
102 18
103 9625710
104 6848378
105 22
106 13
107 6808544
108 16
109 6588583
110 6553278
111 8
112 3240889
113 13
114 9
115 3199388
116 11
117 3280498
118 3227768
119 11
120 6
121 3073273
122 3044592
123 9
124 3128742
125 7
126 3
127 3089562
128 46808418
129 20
130 17
131 42467393
132 0
133 33837200
134 28906568
135 7
136 9
137 17674998
138 14015342
139 7
140 14182007
141 2
142 3
143 9848152
144 3
145 2135320
146 2011642
147 2
148 1782411
149 0
150 0
151 1596120
152 1187187
153 0
154 1
155 1060514
156 0
157 1330641
158 1123646
159 0
160 9
161 243095
162 226334
163 8
164 312534
165 3
166 1
167 292116
168 312304
169 2
170 0
171 330403
172 0
173 336387
174 341945
175 0
176 542657
177 1
178 0
179 492164
180 1
181 478435
182 413127
183 2
184 0
185 233522
186 227725
187 0
188 248248
189 1
190 0
191 221782
192 0
193 175178
194 177797
195 0
196 132693
197 0
198 0
199 131039
200 78823
201 0
202 0
203 74447
204 0
205 86441
206 74513
207 0
208 52133
209 0
210 0
211 43287
212 0
213 39447
214 28594
215 0
216 0
217 18706
218 13954
219 0
220 12401
221 0
222 0
223 7837
224 1845
225 0
226 0
227 1635
228 0
229 1734
230 1427
231 0
232 0
233 1193
234 1133
235 0
236 1032
237 0
238 0
239 920
240 0
241 609
242 487
243 0
244 465
245 0
246 0
247 326
248 222
249 0
250 0
251 184
252 0
253 154
254 112
255 0
256 269
