0 9
1 592
2 628
3 20
4 713
5 19
6 15
7 744
8 922
9 18
10 13
11 822
12 7
13 989
14 891
15 7
16 4261
17 15
18 18
19 4339
20 11
21 4786
22 4801
23 9
24 13
25 3916
26 3889
27 8
28 3928
29 4
30 6
31 4015
32 1170
33 60
34 61
35 1205
36 34
37 1257
38 1284
39 25
40 41
41 1599
42 1739
43 33
44 1727
45 32
46 28
47 1795
48 12
49 1491
50 1548
51 16
52 1410
53 7
54 9
55 1447
56 1287
57 20
58 11
59 1251
60 9
61 1313
62 1292
63 3
64 3674
65 21
66 32
67 3458
68 12
69 3211
70 3039
71 7
72 12
73 2207
74 2170
75 13
76 2088
77 5
78 7
79 2004
80 13
81 983
82 962
83 9
84 970
85 3
86 3
87 952
88 1023
89 5
90 5
91 927
92 3
93 889
94 854
95 1
96 38
97 1081
98 1067
99 34
100 1002
101 17
102 17
103 1058
104 794
105 22
106 13
107 790
108 16
109 761
110 784
111 8
112 400
113 13
114 9
115 361
116 11
117 433
118 394
119 11
120 6
121 340
122 345
123 9
124 375
125 7
126 3
127 327
128 5518
129 20
130 17
131 4869
132 0
133 3984
134 3363
135 7
136 9
137 2128
138 1673
139 7
140 1736
141 2
142 3
143 1290
144 3
145 298
146 271
147 2
148 249
149 0
150 0
151 220
152 171
153 0
154 1
155 169
156 0
157 207
158 181
159 0
160 9
161 45
162 36
163 8
164 48
165 3
166 1
167 56
168 33
169 2
170 0
171 44
172 0
173 45
174 50
175 0
176 70
177 1
178 0
179 48
180 1
181 58
182 71
183 2
184 0
185 27
186 27
187 0
188 33
189 1
190 0
191 38
192 0
193 31
194 34
195 0
196 14
197 0
198 0
199 14
200 9
201 0
202 0
203 11
204 0
205 12
206 14
207 0
208 8
209 0
210 0
211 5
212 0
213 2
214 2
215 0
216 0
217 2
218 4
219 0
220 1
221 0
222 0
223 1
224 0
225 0
226 0
227 0
228 0
229 0
230 0
231 0
232 0
233 0
234 0
235 0
236 0
237 0
238 0
239 0
240 0
241 0
242 0
243 0
244 0
245 0
246 0
247 0
248 0
249 0
250 0
251 0
252 0
253 0
254 0
255 0
256 1
