0 9
1 380963
2 389596
3 20
4 530023
5 19
6 15
7 542776
8 551629
9 18
10 13
11 560497
12 7
13 667629
14 685187
15 7
16 4471382
17 15
18 18
19 4510415
20 11
21 4964652
22 5010891
23 9
24 13
25 4098388
26 4086720
27 8
28 4272032
29 4
30 6
31 4289135
32 1163740
33 60
34 61
35 1222166
36 34
37 1282931
38 1349885
39 25
40 41
41 1823278
42 1888817
43 33
44 1965704
45 32
46 28
47 2046378
48 12
49 1739296
50 1695371
51 16
52 1603322
53 7
54 9
55 1561535
56 1472164
57 20
58 11
59 1442080
60 9
61 1458443
62 1438613
63 3
64 3673031
65 21
66 32
67 3612427
68 12
69 3260905
70 3205037
71 7
72 12
73 2216393
74 2178917
75 13
76 2041940
77 5
78 7
79 2006567
80 13
81 908353
82 896440
83 9
84 895244
85 3
86 3
87 881342
88 899483
89 5
90 5
91 886627
92 3
93 853135
94 839969
95 1
96 38
97 1286920
98 1277946
99 34
100 1202816
101 17
102 18
103 1200239
104 854114
105 22
106 13
107 850517
108 16
109 823761
110 819269
111 8
112 405215
113 13
114 9
115 401438
116 11
117 410404
118 403730
119 11
120 6
121 383669
122 379376
123 9
124 389412
125 7
126 3
127 386922
128 5858079
129 20
130 17
131 5316267
132 0
133 4227301
134 3615210
135 7
136 9
137 2209485
138 1756021
139 7
140 1774117
141 2
142 3
143 1233553
144 3
145 267554
146 251230
147 2
148 222574
149 0
150 0
151 199292
152 148544
153 0
154 1
155 132734
156 0
157 166685
158 140580
159 0
160 9
161 30379
162 28006
163 8
164 39492
165 3
166 1
167 36552
168 38395
169 2
170 0
171 40969
172 0
173 42135
174 42441
175 0
176 67721
177 1
178 0
179 61486
180 1
181 59480
182 51959
183 2
184 0
185 28954
186 28466
187 0
188 31141
189 1
190 0
191 27816
192 0
193 21662
194 22285
195 0
196 16613
197 0
198 0
199 16284
200 9891
201 0
202 0
203 9343
204 0
205 10827
206 9197
207 0
208 6581
209 0
210 0
211 5400
212 0
213 4884
214 3518
215 0
216 0
217 2287
218 1742
219 0
220 1571
221 0
222 0
223 953
224 241
225 0
226 0
227 199
228 0
229 221
230 172
231 0
232 0
233 159
234 150
235 0
236 152
237 0
238 0
239 134
240 0
241 82
242 77
243 0
244 55
245 0
246 0
247 40
248 33
249 0
250 0
251 16
252 0
253 17
254 19
255 0
256 31
