0 9
1 390903044
2 399998734
3 20
4 542555168
5 19
6 15
7 558656302
8 565491467
9 18
10 13
11 574282454
12 7
13 684192291
14 702903295
15 7
16 4581201190
17 15
18 18
19 4619430662
20 11
21 5080112399
22 5125662155
23 9
24 13
25 4197796236
26 4186810340
27 8
28 4376437780
29 4
30 6
31 4390421469
32 1195900520
33 60
34 61
35 1253863716
36 34
37 1317921044
38 1386687174
39 25
40 41
41 1870223456
42 1940194373
43 33
44 2017511104
45 32
46 28
47 2102505834
48 12
49 1780993596
50 1733793202
51 16
52 1641824029
53 7
54 9
55 1598451987
56 1504295728
57 20
58 11
59 1473430442
60 9
61 1492731636
62 1470674405
63 3
64 3754918521
65 21
66 32
67 3691726327
68 12
69 3335467735
70 3278053465
71 7
72 12
73 2267226126
74 2228880816
75 13
76 2089652876
77 5
78 7
79 2052739066
80 13
81 933968582
82 919593282
83 9
84 918593932
85 3
86 3
87 905015786
88 923326952
89 5
90 5
91 909462595
92 3
93 874380869
94 861925082
95 1
96 38
97 1317254601
98 1311630264
99 34
100 1235172261
101 17
102 18
103 1231350210
104 876435749
105 22
106 13
107 871285260
108 16
109 843023794
110 838780348
111 8
112 415288994
113 13
114 9
115 409513118
116 11
117 419697339
118 413379389
119 11
120 6
121 393741963
122 389534800
123 9
124 400487276
125 7
126 3
127 395656712
128 5991917840
129 20
130 17
131 5436711318
132 0
133 4330796073
134 3699934586
135 7
136 9
137 2261508512
138 1793146982
139 7
140 1814403069
141 2
142 3
143 1260078028
144 3
145 273157332
146 257524555
147 2
148 228178707
149 0
150 0
151 203935053
152 151905802
153 0
154 1
155 135653281
156 0
157 170195092
158 143696246
159 0
160 9
161 31053012
162 29068239
163 8
164 39953118
165 3
166 1
167 37444682
168 40119035
169 2
170 0
171 42443086
172 0
173 43132078
174 43669197
175 0
176 69597936
177 1
178 0
179 63134622
180 1
181 61130533
182 52793165
183 2
184 0
185 29852562
186 29021734
187 0
188 31771272
189 1
190 0
191 28364392
192 0
193 22426258
194 22767378
195 0
196 17038774
197 0
198 0
199 16759902
200 10096349
201 0
202 0
203 9510522
204 0
205 11003575
206 9606444
207 0
208 6669585
209 0
210 0
211 5550180
212 0
213 5021370
214 3646299
215 0
216 0
217 2386087
218 1785386
219 0
220 1599455
221 0
222 0
223 1006485
224 235574
225 0
226 0
227 214470
228 0
229 214531
230 187891
231 0
232 0
233 160473
234 144713
235 0
236 130892
237 0
238 0
239 116958
240 0
241 77545
242 61329
243 0
244 58583
245 0
246 0
247 43825
248 29269
249 0
250 0
251 22427
252 0
253 18433
254 14183
255 0
256 34788
