0 9
1 231
2 264
3 20
4 256
5 19
6 15
7 254
8 367
9 18
10 13
11 314
12 7
13 352
14 295
15 7
16 561
17 15
18 18
19 524
20 11
21 602
22 538
23 9
24 13
25 367
26 366
27 8
28 411
29 4
30 6
31 458
32 204
33 60
34 61
35 190
36 34
37 168
38 152
39 25
40 41
41 162
42 154
43 33
44 166
45 32
46 28
47 142
48 12
49 127
50 136
51 16
52 115
53 7
54 9
55 117
56 100
57 20
58 11
59 81
60 9
61 112
62 116
63 3
64 364
65 21
66 32
67 318
68 12
69 332
70 320
71 7
72 12
73 272
74 264
75 13
76 243
77 5
78 7
79 242
80 13
81 211
82 200
83 9
84 185
85 3
86 3
87 188
88 192
89 5
90 5
91 164
92 3
93 143
94 142
95 1
96 36
97 72
98 73
99 32
100 61
101 17
102 17
103 87
104 81
105 21
106 12
107 65
108 16
109 58
110 61
111 7
112 43
113 12
114 9
115 53
116 10
117 48
118 37
119 11
120 6
121 36
122 34
123 9
124 38
125 7
126 3
127 39
128 334
129 20
130 17
131 253
132 0
133 279
134 235
135 7
136 9
137 189
138 146
139 7
140 159
141 2
142 3
143 128
144 3
145 65
146 48
147 2
148 69
149 0
150 0
151 36
152 48
153 0
154 1
155 47
156 0
157 42
158 36
159 0
160 9
161 17
162 16
163 8
164 18
165 3
166 1
167 9
168 3
169 2
170 0
171 11
172 0
173 8
174 8
175 0
176 7
177 1
178 0
179 5
180 1
181 6
182 6
183 2
184 0
185 1
186 2
187 0
188 3
189 1
190 0
191 3
192 0
193 3
194 1
195 0
196 1
197 0
198 0
199 0
200 1
201 0
202 0
203 0
204 0
205 1
206 1
207 0
208 2
209 0
210 0
211 0
212 0
213 0
214 0
215 0
216 0
217 0
218 1
