0 9
1 48101
2 48894
3 20
4 65976
5 19
6 15
7 67590
8 69110
9 18
10 13
11 70045
12 7
13 83593
14 85552
15 7
16 559405
17 15
18 18
19 566245
20 11
21 618615
22 623352
23 9
24 13
25 513524
26 510011
27 8
28 532097
29 4
30 6
31 535924
32 148325
33 60
34 61
35 155170
36 34
37 162962
38 171482
39 25
40 41
41 231543
42 240079
43 33
44 248736
45 32
46 28
47 259330
48 12
49 216218
50 210418
51 16
52 199331
53 7
54 9
55 194472
56 183102
57 20
58 11
59 178894
60 9
61 179980
62 177639
63 3
64 455637
65 21
66 32
67 447223
68 12
69 404235
70 397946
71 7
72 12
73 275199
74 271366
75 13
76 253884
77 5
78 7
79 249458
80 13
81 115797
82 113977
83 9
84 114285
85 3
86 3
87 112193
88 113443
89 5
90 5
91 111813
92 3
93 108029
94 106307
95 1
96 38
97 161897
98 161142
99 34
100 151076
101 17
102 18
103 151438
104 107252
105 22
106 13
107 107241
108 16
109 103057
110 102854
111 8
112 50613
113 13
114 9
115 50298
116 11
117 51450
118 50671
119 11
120 6
121 48063
122 47315
123 9
124 48713
125 7
126 3
127 48278
128 728646
129 20
130 17
131 660011
132 0
133 528094
134 452164
135 7
136 9
137 274766
138 218875
139 7
140 221945
141 2
142 3
143 153338
144 3
145 33170
146 31007
147 2
148 27922
149 0
150 0
151 24999
152 18493
153 0
154 1
155 16568
156 0
157 21075
158 17421
159 0
160 9
161 3609
162 3393
163 8
164 4857
165 3
166 1
167 4480
168 4654
169 2
170 0
171 5053
172 0
173 5140
174 5161
175 0
176 8402
177 1
178 0
179 7676
180 1
181 7584
182 6614
183 2
184 0
185 3601
186 3681
187 0
188 4015
189 1
190 0
191 3532
192 0
193 2793
194 2838
195 0
196 2073
197 0
198 0
199 2063
200 1256
201 0
202 0
203 1201
204 0
205 1347
206 1171
207 0
208 839
209 0
210 0
211 693
212 0
213 567
214 434
215 0
216 0
217 313
218 207
219 0
220 186
221 0
222 0
223 127
224 23
225 0
226 0
227 19
228 0
229 23
230 18
231 0
232 0
233 27
234 17
235 0
236 25
237 0
238 0
239 19
240 0
241 10
242 8
243 0
244 11
245 0
246 0
247 4
248 5
249 0
250 0
251 3
252 0
253 3
254 1
255 0
256 3
