0 9
1 48837183
2 49978969
3 20
4 67817460
5 19
6 15
7 69832850
8 70666041
9 18
10 13
11 71761767
12 7
13 85520108
14 87872536
15 7
16 572687099
17 15
18 18
19 577416372
20 11
21 635154694
22 640824774
23 9
24 13
25 524749631
26 523328688
27 8
28 547156856
29 4
30 6
31 548933302
32 149377681
33 60
34 61
35 156585236
36 34
37 164604313
38 173215228
39 25
40 41
41 233663423
42 242412758
43 33
44 252097598
45 32
46 28
47 262711427
48 12
49 222690215
50 216772493
51 16
52 205252779
53 7
54 9
55 199839017
56 188103345
57 20
58 11
59 184222376
60 9
61 186618717
62 183881861
63 3
64 469458369
65 21
66 32
67 461586049
68 12
69 417033531
70 409853973
71 7
72 12
73 283442026
74 278674996
75 13
76 261225456
77 5
78 7
79 256609326
80 13
81 116628788
82 114849427
83 9
84 114741277
85 3
86 3
87 113033442
88 115368975
89 5
90 5
91 113626466
92 3
93 109221852
94 107660022
95 1
96 38
97 164629897
98 163914036
99 34
100 154351919
101 17
102 18
103 153902858
104 109539717
105 22
106 13
107 108891849
108 16
109 105368749
110 104825165
111 8
112 51891362
113 13
114 9
115 51181294
116 11
117 52456395
118 51659579
119 11
120 6
121 49204136
122 48682359
123 9
124 50059926
125 7
126 3
127 49444266
128 749162329
129 20
130 17
131 679841127
132 0
133 541338612
134 462525315
135 7
136 9
137 282743015
138 224254461
139 7
140 226778115
141 2
142 3
143 157518546
144 3
145 34141477
146 32188845
147 2
148 28508623
149 0
150 0
151 25479679
152 18990276
153 0
154 1
155 16958836
156 0
157 21272242
158 17959979
159 0
160 9
161 3880911
162 3634204
163 8
164 4991212
165 3
166 1
167 4678898
168 5013354
169 2
170 0
171 5305048
172 0
173 5389822
174 5461370
175 0
176 8694740
177 1
178 0
179 7888082
180 1
181 7635941
182 6595298
183 2
184 0
185 3726863
186 3624315
187 0
188 3969787
189 1
190 0
191 3542192
192 0
193 2801915
194 2846796
195 0
196 2131042
197 0
198 0
199 2092729
200 1261484
201 0
202 0
203 1187427
204 0
205 1373903
206 1199104
207 0
208 833342
209 0
210 0
211 693649
212 0
213 627418
214 456027
215 0
216 0
217 297961
218 222363
219 0
220 199993
221 0
222 0
223 125210
224 29460
225 0
226 0
227 26598
228 0
229 26996
230 23208
231 0
232 0
233 20102
234 17992
235 0
236 16268
237 0
238 0
239 14377
240 0
241 9609
242 7790
243 0
244 7267
245 0
246 0
247 5480
248 3713
249 0
250 0
251 2809
252 0
253 2303
254 1704
255 0
256 4274
