0 9
1 6272
2 6313
3 20
4 8432
5 19
6 15
7 8391
8 8932
9 18
10 13
11 8844
12 7
13 10565
14 10796
15 7
16 69632
17 15
18 18
19 71056
20 11
21 77759
22 78098
23 9
24 13
25 64323
26 63864
27 8
28 66545
29 4
30 6
31 66906
32 18612
33 60
34 61
35 19396
36 34
37 20629
38 21603
39 25
40 41
41 28756
42 30086
43 33
44 31260
45 32
46 28
47 32807
48 12
49 26515
50 25969
51 16
52 24427
53 7
54 9
55 23871
56 22480
57 20
58 11
59 21692
60 9
61 22167
62 21887
63 3
64 56816
65 21
66 32
67 55782
68 12
69 50438
70 49463
71 7
72 12
73 34254
74 33629
75 13
76 31686
77 5
78 7
79 30943
80 13
81 14794
82 14358
83 9
84 14627
85 3
86 3
87 14451
88 14484
89 5
90 5
91 14158
92 3
93 13574
94 13211
95 1
96 38
97 20133
98 20144
99 34
100 18812
101 17
102 18
103 19262
104 13484
105 22
106 13
107 13439
108 16
109 12889
110 12987
111 8
112 6446
113 13
114 9
115 6322
116 11
117 6346
118 6232
119 11
120 6
121 5978
122 5786
123 9
124 5961
125 7
126 3
127 5994
128 90804
129 20
130 17
131 82651
132 0
133 65909
134 56318
135 7
136 9
137 34452
138 27313
139 7
140 27565
141 2
142 3
143 19098
144 3
145 4258
146 3960
147 2
148 3485
149 0
150 0
151 3096
152 2254
153 0
154 1
155 1979
156 0
157 2660
158 2161
159 0
160 9
161 457
162 436
163 8
164 587
165 3
166 1
167 576
168 587
169 2
170 0
171 647
172 0
173 621
174 625
175 0
176 1004
177 1
178 0
179 927
180 1
181 927
182 822
183 2
184 0
185 433
186 500
187 0
188 483
189 1
190 0
191 418
192 0
193 360
194 367
195 0
196 271
197 0
198 0
199 249
200 142
201 0
202 0
203 149
204 0
205 168
206 144
207 0
208 87
209 0
210 0
211 89
212 0
213 69
214 60
215 0
216 0
217 42
218 28
219 0
220 23
221 0
222 0
223 21
224 1
225 0
226 0
227 1
228 0
229 3
230 1
231 0
232 0
233 2
234 1
235 0
236 3
237 0
238 0
239 0
240 0
241 2
242 3
243 0
244 1
245 0
246 0
247 2
248 2
249 0
250 0
251 0
252 0
253 1
254 0
255 0
256 1
