0 9
1 6110427
2 6252520
3 20
4 8480202
5 19
6 15
7 8729689
8 8833392
9 18
10 13
11 8971859
12 7
13 10689361
14 10986177
15 7
16 71581627
17 15
18 18
19 72172929
20 11
21 79371203
22 80082582
23 9
24 13
25 65584706
26 65408135
27 8
28 68368931
29 4
30 6
31 68594790
32 18686249
33 60
34 61
35 19601915
36 34
37 20596769
38 21669767
39 25
40 41
41 29222446
42 30313833
43 33
44 31520924
45 32
46 28
47 32843800
48 12
49 27841055
50 27102781
51 16
52 25664283
53 7
54 9
55 24986873
56 23513234
57 20
58 11
59 23024354
60 9
61 23327387
62 22984560
63 3
64 58651001
65 21
66 32
67 57677518
68 12
69 52108321
70 51209023
71 7
72 12
73 35416583
74 34825636
75 13
76 32648735
77 5
78 7
79 32073970
80 13
81 14594702
82 14366965
83 9
84 14364955
85 3
86 3
87 14142473
88 14435631
89 5
90 5
91 14207384
92 3
93 13663365
94 13470253
95 1
96 38
97 20584860
98 20493442
99 34
100 19302542
101 17
102 18
103 19244232
104 13699913
105 22
106 13
107 13619642
108 16
109 13177525
110 13110177
111 8
112 6484072
113 13
114 9
115 6403608
116 11
117 6559883
118 6457533
119 11
120 6
121 6149130
122 6088737
123 9
124 6258079
125 7
126 3
127 6182299
128 93604626
129 20
130 17
131 84929416
132 0
133 67666369
134 57799856
135 7
136 9
137 35336113
138 28028699
139 7
140 28357009
141 2
142 3
143 19693232
144 3
145 4270537
146 4024113
147 2
148 3564961
149 0
150 0
151 3187541
152 2372712
153 0
154 1
155 2119361
156 0
157 2662085
158 2246790
159 0
160 9
161 486488
162 453596
163 8
164 624802
165 3
166 1
167 583918
168 624876
169 2
170 0
171 662553
172 0
173 672654
174 682649
175 0
176 1086431
177 1
178 0
179 984359
180 1
181 955322
182 825616
183 2
184 0
185 465904
186 454469
187 0
188 497177
189 1
190 0
191 443168
192 0
193 351129
194 356231
195 0
196 266406
197 0
198 0
199 261466
200 158205
201 0
202 0
203 149010
204 0
205 172043
206 149570
207 0
208 104351
209 0
210 0
211 86676
212 0
213 78811
214 57241
215 0
216 0
217 37284
218 27779
219 0
220 24938
221 0
222 0
223 15639
224 3697
225 0
226 0
227 3251
228 0
229 3385
230 2881
231 0
232 0
233 2472
234 2178
235 0
236 2050
237 0
238 0
239 1822
240 0
241 1202
242 979
243 0
244 969
245 0
246 0
247 685
248 463
249 0
250 0
251 349
252 0
253 313
254 226
255 0
256 518
