0 9
1 980
2 987
3 20
4 1198
5 19
6 15
7 1262
8 1450
9 18
10 13
11 1313
12 7
13 1588
14 1499
15 7
16 8481
17 15
18 18
19 8773
20 11
21 9703
22 9741
23 9
24 13
25 7825
26 7776
27 8
28 8116
29 4
30 6
31 8204
32 2283
33 60
34 61
35 2366
36 34
37 2479
38 2602
39 25
40 41
41 3345
42 3597
43 33
44 3602
45 32
46 28
47 3809
48 12
49 3253
50 3178
51 16
52 2976
53 7
54 9
55 3005
56 2750
57 20
58 11
59 2574
60 9
61 2671
62 2672
63 3
64 7235
65 21
66 32
67 6965
68 12
69 6378
70 6140
71 7
72 12
73 4341
74 4184
75 13
76 4036
77 5
78 7
79 3957
80 13
81 1886
82 1825
83 9
84 1843
85 3
86 3
87 1798
88 1845
89 5
90 5
91 1800
92 3
93 1700
94 1656
95 1
96 38
97 2423
98 2363
99 34
100 2270
101 17
102 17
103 2314
104 1613
105 22
106 13
107 1617
108 16
109 1595
110 1567
111 8
112 783
113 13
114 9
115 735
116 11
117 841
118 802
119 11
120 6
121 692
122 727
123 9
124 725
125 7
126 3
127 664
128 11339
129 20
130 17
131 10025
132 0
133 8355
134 6983
135 7
136 9
137 4358
138 3394
139 7
140 3594
141 2
142 3
143 2543
144 3
145 552
146 539
147 2
148 509
149 0
150 0
151 430
152 338
153 0
154 1
155 289
156 0
157 379
158 308
159 0
160 9
161 71
162 63
163 8
164 86
165 3
166 1
167 98
168 78
169 2
170 0
171 93
172 0
173 96
174 91
175 0
176 141
177 1
178 0
179 109
180 1
181 122
182 127
183 2
184 0
185 62
186 67
187 0
188 65
189 1
190 0
191 59
192 0
193 57
194 59
195 0
196 29
197 0
198 0
199 27
200 15
201 0
202 0
203 26
204 0
205 24
206 24
207 0
208 12
209 0
210 0
211 15
212 0
213 7
214 7
215 0
216 0
217 6
218 9
219 0
220 1
221 0
222 0
223 3
224 1
225 0
226 0
227 0
228 0
229 0
230 0
231 0
232 0
233 0
234 1
235 0
236 0
237 0
238 0
239 0
240 0
241 0
242 2
243 0
244 0
245 0
246 0
247 0
248 0
249 0
250 0
251 0
252 0
253 0
254 0
255 0
256 1
