0 9
1 762738
2 780901
3 20
4 1061112
5 19
6 15
7 1089028
8 1103516
9 18
10 13
11 1122419
12 7
13 1336178
14 1372535
15 7
16 8954061
17 15
18 18
19 9027905
20 11
21 9937069
22 10023490
23 9
24 13
25 8203003
26 8179766
27 8
28 8552971
29 4
30 6
31 8580574
32 2325311
33 60
34 61
35 2437821
36 34
37 2561754
38 2695924
39 25
40 41
41 3642113
42 3776575
43 33
44 3930086
45 32
46 28
47 4092870
48 12
49 3479810
50 3388221
51 16
52 3206908
53 7
54 9
55 3121974
56 2941817
57 20
58 11
59 2881876
60 9
61 2916581
62 2875856
63 3
64 7347134
65 21
66 32
67 7225871
68 12
69 6521613
70 6410687
71 7
72 12
73 4433878
74 4360198
75 13
76 4084392
77 5
78 7
79 4013622
80 13
81 1814717
82 1788842
83 9
84 1786411
85 3
86 3
87 1759326
88 1799304
89 5
90 5
91 1771564
92 3
93 1703223
94 1679604
95 1
96 38
97 2568773
98 2556127
99 34
100 2406312
101 17
102 18
103 2402103
104 1709795
105 22
106 13
107 1701472
108 16
109 1646168
110 1636704
111 8
112 810603
113 13
114 9
115 800974
116 11
117 819444
118 806677
119 11
120 6
121 767679
122 759434
123 9
124 779558
125 7
126 3
127 773153
128 11712376
129 20
130 17
131 10621379
132 0
133 8458822
134 7230277
135 7
136 9
137 4420794
138 3511508
139 7
140 3549573
141 2
142 3
143 2466184
144 3
145 534211
146 502118
147 2
148 445183
149 0
150 0
151 397835
152 296760
153 0
154 1
155 265163
156 0
157 333407
158 281099
159 0
160 9
161 60689
162 56199
163 8
164 78328
165 3
166 1
167 72789
168 77606
169 2
170 0
171 82525
172 0
173 84121
174 85313
175 0
176 135292
177 1
178 0
179 122720
180 1
181 119490
182 103188
183 2
184 0
185 57978
186 56817
187 0
188 62138
189 1
190 0
191 55360
192 0
193 43169
194 44378
195 0
196 33160
197 0
198 0
199 32630
200 19531
201 0
202 0
203 18577
204 0
205 21580
206 18536
207 0
208 13118
209 0
210 0
211 10829
212 0
213 9874
214 7021
215 0
216 0
217 4625
218 3437
219 0
220 3091
221 0
222 0
223 1969
224 454
225 0
226 0
227 421
228 0
229 424
230 357
231 0
232 0
233 292
234 308
235 0
236 273
237 0
238 0
239 247
240 0
241 163
242 129
243 0
244 117
245 0
246 0
247 80
248 52
249 0
250 0
251 42
252 0
253 37
254 29
255 0
256 61
