0 9
1 781775918
2 799989479
3 20
4 1085059608
5 19
6 15
7 1117281222
8 1130928506
9 18
10 13
11 1148549935
12 7
13 1368246142
14 1405645302
15 7
16 9162487074
17 15
18 18
19 9239061481
20 11
21 10160336759
22 10251360357
23 9
24 13
25 8395799840
26 8373886081
27 8
28 8753210612
29 4
30 6
31 8780920531
32 2391660908
33 60
34 61
35 2507679043
36 34
37 2635685080
38 2773328196
39 25
40 41
41 3740313468
42 3880181192
43 33
44 4035015438
45 32
46 28
47 4204880122
48 12
49 3561808728
50 3467422085
51 16
52 3283620008
53 7
54 9
55 3196771395
56 3008483135
57 20
58 11
59 2946796664
60 9
61 2985386488
62 2941257519
63 3
64 7509885996
65 21
66 32
67 7383492042
68 12
69 6670987734
70 6556289736
71 7
72 12
73 4534426398
74 4457660160
75 13
76 4179322330
77 5
78 7
79 4105424240
80 13
81 1867873265
82 1839111112
83 9
84 1837170896
85 3
86 3
87 1809962286
88 1846580823
89 5
90 5
91 1818887962
92 3
93 1748658401
94 1723856458
95 1
96 38
97 2634503780
98 2623265134
99 34
100 2470275407
101 17
102 18
103 2462638832
104 1752830360
105 22
106 13
107 1742601909
108 16
109 1686073260
110 1677548572
111 8
112 830548126
113 13
114 9
115 819037785
116 11
117 839364002
118 826753542
119 11
120 6
121 787466541
122 779015557
123 9
124 800895134
125 7
126 3
127 791312111
128 11984025565
129 20
130 17
131 10873741474
132 0
133 8662015816
134 7400074378
135 7
136 9
137 4523113728
138 3586402012
139 7
140 3628799892
141 2
142 3
143 2520281887
144 3
145 546331480
146 515052408
147 2
148 456310685
149 0
150 0
151 407861502
152 303817185
153 0
154 1
155 271287380
156 0
157 340396816
158 287381589
159 0
160 9
161 62101048
162 58142747
163 8
164 79909165
165 3
166 1
167 74884677
168 80236595
169 2
170 0
171 84893310
172 0
173 86278724
174 87340270
175 0
176 139208850
177 1
178 0
179 126272838
180 1
181 122271230
182 105587380
183 2
184 0
185 59710375
186 58055498
187 0
188 63553345
189 1
190 0
191 56722558
192 0
193 44844893
194 45540847
195 0
196 34080169
197 0
198 0
199 33525178
200 20187367
201 0
202 0
203 19022370
204 0
205 22009377
206 19210094
207 0
208 13343430
209 0
210 0
211 11100601
212 0
213 10049588
214 7290432
215 0
216 0
217 4772425
218 3573600
219 0
220 3199937
221 0
222 0
223 2012549
224 471069
225 0
226 0
227 428093
228 0
229 430551
230 375951
231 0
232 0
233 320990
234 288899
235 0
236 262496
237 0
238 0
239 233850
240 0
241 154902
242 122628
243 0
244 117435
245 0
246 0
247 87862
248 58832
249 0
250 0
251 44798
252 0
253 36664
254 27946
255 0
256 69429
