0 9
1 298
2 321
3 20
4 329
5 19
6 15
7 342
8 478
9 18
10 13
11 412
12 7
13 465
14 382
15 7
16 1046
17 15
18 18
19 1005
20 11
21 1139
22 1035
23 9
24 13
25 809
26 814
27 8
28 859
29 4
30 6
31 928
32 313
33 60
34 61
35 319
36 34
37 301
38 295
39 25
40 41
41 342
42 363
43 33
44 373
45 32
46 28
47 365
48 12
49 305
50 340
51 16
52 290
53 7
54 9
55 309
56 248
57 20
58 11
59 250
60 9
61 260
62 269
63 3
64 854
65 21
66 32
67 766
68 12
69 774
70 763
71 7
72 12
73 590
74 561
75 13
76 534
77 5
78 7
79 517
80 13
81 354
82 347
83 9
84 331
85 3
86 3
87 341
88 354
89 5
90 5
91 273
92 3
93 284
94 279
95 1
96 38
97 198
98 189
99 34
100 165
101 17
102 17
103 192
104 168
105 22
106 13
107 163
108 16
109 141
110 164
111 8
112 91
113 13
114 9
115 87
116 10
117 101
118 81
119 11
120 6
121 83
122 79
123 9
124 70
125 7
126 3
127 74
128 1092
129 20
130 17
131 851
132 0
133 877
134 727
135 7
136 9
137 488
138 384
139 7
140 442
141 2
142 3
143 316
144 3
145 108
146 92
147 2
148 107
149 0
150 0
151 76
152 73
153 0
154 1
155 71
156 0
157 68
158 59
159 0
160 9
161 22
162 24
163 8
164 21
165 3
166 1
167 18
168 10
169 2
170 0
171 23
172 0
173 15
174 15
175 0
176 14
177 1
178 0
179 14
180 1
181 23
182 18
183 2
184 0
185 6
186 10
187 0
188 9
189 1
190 0
191 11
192 0
193 8
194 4
195 0
196 2
197 0
198 0
199 2
200 2
201 0
202 0
203 2
204 0
205 2
206 3
207 0
208 4
209 0
210 0
211 1
212 0
213 1
214 1
215 0
216 0
217 0
218 1
219 0
220 1
221 0
222 0
223 1
224 0
225 0
226 0
227 0
228 0
229 0
230 0
231 0
232 0
233 0
234 0
235 0
236 0
237 0
238 0
239 0
240 0
241 0
242 0
243 0
244 0
245 0
246 0
247 0
248 0
249 0
250 0
251 0
252 0
253 0
254 0
255 0
256 1
