0 9
1 95501
2 97318
3 20
4 131755
5 19
6 15
7 135105
8 137651
9 18
10 13
11 140037
12 7
13 166880
14 171052
15 7
16 1120513
17 15
18 18
19 1132007
20 11
21 1242324
22 1251539
23 9
24 13
25 1026943
26 1021873
27 8
28 1069227
29 4
30 6
31 1073230
32 291278
33 60
34 61
35 305517
36 34
37 320936
38 337204
39 25
40 41
41 457713
42 472830
43 33
44 492077
45 32
46 28
47 512283
48 12
49 434563
50 423391
51 16
52 400620
53 7
54 9
55 391177
56 366736
57 20
58 11
59 359216
60 9
61 362492
62 358458
63 3
64 916883
65 21
66 32
67 901376
68 12
69 814359
70 801976
71 7
72 12
73 552782
74 543819
75 13
76 510132
77 5
78 7
79 501460
80 13
81 227455
82 224114
83 9
84 224208
85 3
86 3
87 219622
88 224520
89 5
90 5
91 221486
92 3
93 213273
94 209931
95 1
96 38
97 321296
98 320173
99 34
100 300377
101 17
102 18
103 300706
104 213420
105 22
106 13
107 212776
108 16
109 204971
110 204242
111 8
112 100949
113 13
114 9
115 100498
116 11
117 102321
118 101127
119 11
120 6
121 95994
122 94374
123 9
124 97425
125 7
126 3
127 95891
128 1463498
129 20
130 17
131 1328942
132 0
133 1056783
134 906262
135 7
136 9
137 552310
138 439973
139 7
140 443226
141 2
142 3
143 308532
144 3
145 66304
146 62280
147 2
148 55272
149 0
150 0
151 49764
152 36949
153 0
154 1
155 33122
156 0
157 41760
158 35031
159 0
160 9
161 7414
162 6935
163 8
164 9787
165 3
166 1
167 9119
168 9350
169 2
170 0
171 10181
172 0
173 10570
174 10476
175 0
176 16903
177 1
178 0
179 15276
180 1
181 14995
182 13080
183 2
184 0
185 7239
186 7288
187 0
188 7930
189 1
190 0
191 7019
192 0
193 5478
194 5581
195 0
196 4192
197 0
198 0
199 4089
200 2489
201 0
202 0
203 2331
204 0
205 2718
206 2347
207 0
208 1661
209 0
210 0
211 1344
212 0
213 1222
214 883
215 0
216 0
217 595
218 416
219 0
220 373
221 0
222 0
223 246
224 57
225 0
226 0
227 42
228 0
229 55
230 46
231 0
232 0
233 46
234 34
235 0
236 40
237 0
238 0
239 31
240 0
241 16
242 12
243 0
244 14
245 0
246 0
247 8
248 9
249 0
250 0
251 6
252 0
253 5
254 8
255 0
256 8
