0 9
1 97710097
2 99978013
3 20
4 135634146
5 19
6 15
7 139665065
8 141355410
9 18
10 13
11 143550081
12 7
13 171043536
14 175735180
15 7
16 1145309530
17 15
18 18
19 1154842708
20 11
21 1270085093
22 1281443307
23 9
24 13
25 1049457530
26 1046698576
27 8
28 1094158370
29 4
30 6
31 1097682210
32 298915467
33 60
34 61
35 313372750
36 34
37 329378769
38 346603573
39 25
40 41
41 467502659
42 484976189
43 33
44 504316889
45 32
46 28
47 525581412
48 12
49 445292000
50 433459833
51 16
52 410463046
53 7
54 9
55 399637571
56 376130767
57 20
58 11
59 368394069
60 9
61 373198959
62 367670319
63 3
64 938820942
65 21
66 32
67 923053295
68 12
69 833943677
70 819588390
71 7
72 12
73 566818603
74 557285073
75 13
76 522437975
77 5
78 7
79 513195445
80 13
81 233425026
82 229837330
83 9
84 229596552
85 3
86 3
87 226189707
88 230790004
89 5
90 5
91 227342133
92 3
93 218556757
94 215422025
95 1
96 38
97 329306648
98 327864011
99 34
100 308762256
101 17
102 18
103 307834182
104 219109455
105 22
106 13
107 217813691
108 16
109 210759696
110 209679537
111 8
112 103805708
113 13
114 9
115 102366007
116 11
117 104922788
118 103326902
119 11
120 6
121 98415533
122 97386215
123 9
124 100116473
125 7
126 3
127 98897476
128 1498060877
129 20
130 17
131 1359362122
132 0
133 1082710031
134 925043113
135 7
136 9
137 565404607
138 448370023
139 7
140 453564761
141 2
142 3
143 315012060
144 3
145 68286912
146 64377479
147 2
148 57033007
149 0
150 0
151 50973941
152 37975824
153 0
154 1
155 33913123
156 0
157 42540183
158 35927429
159 0
160 9
161 7762375
162 7268658
163 8
164 9990057
165 3
166 1
167 9354589
168 10033570
169 2
170 0
171 10609781
172 0
173 10779193
174 10921232
175 0
176 17396750
177 1
178 0
179 15780070
180 1
181 15281717
182 13193259
183 2
184 0
185 7458501
186 7253128
187 0
188 7942676
189 1
190 0
191 7087381
192 0
193 5607536
194 5694387
195 0
196 4261502
197 0
198 0
199 4187198
200 2523487
201 0
202 0
203 2376656
204 0
205 2749656
206 2400652
207 0
208 1665935
209 0
210 0
211 1388917
212 0
213 1255317
214 911624
215 0
216 0
217 596222
218 445931
219 0
220 399281
221 0
222 0
223 251294
224 58816
225 0
226 0
227 53335
228 0
229 53800
230 46698
231 0
232 0
233 40305
234 36025
235 0
236 32793
237 0
238 0
239 28919
240 0
241 19493
242 15328
243 0
244 14569
245 0
246 0
247 10981
248 7301
249 0
250 0
251 5551
252 0
253 4602
254 3471
255 0
256 8643
