0 9
1 102
2 119
3 20
4 113
5 19
6 15
7 110
8 202
9 18
10 13
11 157
12 7
13 170
14 133
15 7
16 179
17 15
18 18
19 151
20 11
21 190
22 143
23 9
24 13
25 123
26 101
27 8
28 111
29 4
30 6
31 117
32 89
33 59
34 58
35 90
36 30
37 66
38 53
39 23
40 41
41 48
42 49
43 30
44 50
45 28
46 26
47 31
48 12
49 31
50 57
51 14
52 31
53 6
54 8
55 30
56 21
57 18
58 10
59 16
60 8
61 17
62 20
63 2
64 71
65 20
66 30
67 49
68 8
69 25
70 29
71 4
72 12
73 39
74 36
75 13
76 28
77 5
78 7
79 33
80 7
81 13
82 12
83 5
84 13
85 2
86 1
87 7
88 18
89 5
90 4
91 18
92 3
93 7
94 5
95 0
96 13
97 9
98 10
99 13
100 7
101 4
102 5
103 8
104 1
105 1
106 1
107 1
108 2
109 0
110 3
111 0
112 0
113 1
114 1
115 0
116 0
117 0
118 1
119 0
120 0
121 0
122 1
