0 9
1 11971
2 12148
3 20
4 16448
5 19
6 15
7 16620
8 17167
9 18
10 13
11 17336
12 7
13 20925
14 21213
15 7
16 139911
17 15
18 18
19 142029
20 11
21 155923
22 157018
23 9
24 13
25 128442
26 127858
27 8
28 133864
29 4
30 6
31 134095
32 36691
33 60
34 61
35 38470
36 34
37 40678
38 42664
39 25
40 41
41 57070
42 59681
43 33
44 62151
45 32
46 28
47 64947
48 12
49 54056
50 52397
51 16
52 49661
53 7
54 9
55 48224
56 45525
57 20
58 11
59 44077
60 9
61 44611
62 44230
63 3
64 114422
65 21
66 32
67 112107
68 12
69 101703
70 99775
71 7
72 12
73 68611
74 67651
75 13
76 63100
77 5
78 7
79 62238
80 13
81 28520
82 27870
83 9
84 28520
85 3
86 3
87 28111
88 28442
89 5
90 5
91 27924
92 3
93 26840
94 26155
95 1
96 38
97 40207
98 40061
99 34
100 37356
101 17
102 18
103 37889
104 26672
105 22
106 13
107 26562
108 16
109 25628
110 25836
111 8
112 12824
113 13
114 9
115 12751
116 11
117 12724
118 12595
119 11
120 6
121 12053
122 11664
123 9
124 12067
125 7
126 3
127 11992
128 182981
129 20
130 17
131 166505
132 0
133 132110
134 112843
135 7
136 9
137 69011
138 55224
139 7
140 55328
141 2
142 3
143 38193
144 3
145 8333
146 7743
147 2
148 6924
149 0
150 0
151 6154
152 4533
153 0
154 1
155 4010
156 0
157 5238
158 4275
159 0
160 9
161 892
162 840
163 8
164 1171
165 3
166 1
167 1148
168 1193
169 2
170 0
171 1310
172 0
173 1296
174 1275
175 0
176 2063
177 1
178 0
179 1898
180 1
181 1853
182 1695
183 2
184 0
185 862
186 966
187 0
188 993
189 1
190 0
191 861
192 0
193 698
194 713
195 0
196 556
197 0
198 0
199 506
200 281
201 0
202 0
203 290
204 0
205 338
206 293
207 0
208 186
209 0
210 0
211 164
212 0
213 137
214 111
215 0
216 0
217 81
218 51
219 0
220 42
221 0
222 0
223 44
224 3
225 0
226 0
227 2
228 0
229 4
230 3
231 0
232 0
233 4
234 5
235 0
236 4
237 0
238 0
239 3
240 0
241 3
242 3
243 0
244 2
245 0
246 0
247 3
248 2
249 0
250 0
251 0
252 0
253 1
254 0
255 0
256 1
