0 9
1 12219140
2 12500720
3 20
4 16957702
5 19
6 15
7 17459787
8 17670847
9 18
10 13
11 17946041
12 7
13 21374162
14 21970271
15 7
16 143157258
17 15
18 18
19 144355800
20 11
21 158752882
22 160181017
23 9
24 13
25 131160708
26 130798741
27 8
28 136753625
29 4
30 6
31 137202610
32 37367772
33 60
34 61
35 39188951
36 34
37 41183535
38 43324950
39 25
40 41
41 58436414
42 60624246
43 33
44 63036784
45 32
46 28
47 65685819
48 12
49 55671698
50 54194820
51 16
52 51320645
53 7
54 9
55 49971390
56 47021750
57 20
58 11
59 46048220
60 9
61 46643472
62 45962687
63 3
64 117321894
65 21
66 32
67 115379475
68 12
69 104237101
70 102437322
71 7
72 12
73 70841826
74 69652046
75 13
76 65298911
77 5
78 7
79 64144619
80 13
81 29180282
82 28725049
83 9
84 28717518
85 3
86 3
87 28274062
88 28856025
89 5
90 5
91 28414711
92 3
93 27320193
94 26929498
95 1
96 38
97 41167524
98 40986735
99 34
100 38605988
101 17
102 18
103 38492911
104 27396194
105 22
106 13
107 27231678
108 16
109 26349974
110 26214276
111 8
112 12974679
113 13
114 9
115 12801880
116 11
117 13114519
118 12913582
119 11
120 6
121 12304569
122 12179652
123 9
124 12519114
125 7
126 3
127 12363448
128 187235875
129 20
130 17
131 169885543
132 0
133 135345635
134 115615648
135 7
136 9
137 70683818
138 56044726
139 7
140 56716699
141 2
142 3
143 39389309
144 3
145 8538971
146 8049830
147 2
148 7132448
149 0
150 0
151 6372613
152 4749329
153 0
154 1
155 4240893
156 0
157 5322462
158 4491885
159 0
160 9
161 971657
162 907860
163 8
164 1248910
165 3
166 1
167 1169679
168 1251697
169 2
170 0
171 1325168
172 0
173 1345884
174 1365065
175 0
176 2174367
177 1
178 0
179 1969870
180 1
181 1908689
182 1649556
183 2
184 0
185 932740
186 908986
187 0
188 994694
189 1
190 0
191 886370
192 0
193 701492
194 712910
195 0
196 532990
197 0
198 0
199 523011
200 315765
201 0
202 0
203 298025
204 0
205 343851
206 299015
207 0
208 208210
209 0
210 0
211 173891
212 0
213 157351
214 113957
215 0
216 0
217 74742
218 55715
219 0
220 50118
221 0
222 0
223 31395
224 7405
225 0
226 0
227 6591
228 0
229 6761
230 5876
231 0
232 0
233 5015
234 4430
235 0
236 4089
237 0
238 0
239 3584
240 0
241 2410
242 2045
243 0
244 1897
245 0
246 0
247 1385
248 915
249 0
250 0
251 695
252 0
253 588
254 439
255 0
256 1060
