0 9
1 1724
2 1750
3 20
4 2241
5 19
6 15
7 2232
8 2525
9 18
10 13
11 2467
12 7
13 2884
14 2784
15 7
16 17093
17 15
18 18
19 17635
20 11
21 19009
22 19425
23 9
24 13
25 15711
26 15759
27 8
28 16294
29 4
30 6
31 16347
32 4927
33 60
34 61
35 5036
36 34
37 5240
38 5455
39 25
40 41
41 7358
42 7696
43 33
44 7795
45 32
46 28
47 8204
48 12
49 6483
50 6432
51 16
52 5952
53 7
54 9
55 5936
56 5542
57 20
58 11
59 5274
60 9
61 5374
62 5402
63 3
64 13969
65 21
66 32
67 13484
68 12
69 12497
70 11970
71 7
72 12
73 8308
74 8177
75 13
76 7885
77 5
78 7
79 7666
80 13
81 4033
82 3786
83 9
84 3884
85 3
86 3
87 3841
88 3742
89 5
90 5
91 3673
92 3
93 3543
94 3416
95 1
96 38
97 5126
98 5180
99 34
100 4892
101 17
102 18
103 4936
104 3410
105 22
106 13
107 3406
108 16
109 3292
110 3271
111 8
112 1581
113 13
114 9
115 1537
116 11
117 1652
118 1559
119 11
120 6
121 1467
122 1464
123 9
124 1480
125 7
126 3
127 1416
128 22388
129 20
130 17
131 20237
132 0
133 16471
134 14120
135 7
136 9
137 8533
138 6600
139 7
140 6987
141 2
142 3
143 4911
144 3
145 1071
146 1028
147 2
148 952
149 0
150 0
151 820
152 610
153 0
154 1
155 521
156 0
157 709
158 540
159 0
160 9
161 122
162 114
163 8
164 156
165 3
166 1
167 163
168 138
169 2
170 0
171 160
172 0
173 157
174 157
175 0
176 275
177 1
178 0
179 216
180 1
181 216
182 215
183 2
184 0
185 118
186 115
187 0
188 124
189 1
190 0
191 105
192 0
193 108
194 112
195 0
196 58
197 0
198 0
199 65
200 43
201 0
202 0
203 47
204 0
205 44
206 39
207 0
208 17
209 0
210 0
211 26
212 0
213 14
214 17
215 0
216 0
217 14
218 11
219 0
220 4
221 0
222 0
223 6
224 1
225 0
226 0
227 0
228 0
229 1
230 0
231 0
232 0
233 1
234 1
235 0
236 0
237 0
238 0
239 0
240 0
241 0
242 2
243 0
244 0
245 0
246 0
247 0
248 0
249 0
250 0
251 0
252 0
253 0
254 0
255 0
256 1
