0 9
1 1523864
2 1561388
3 20
4 2118763
5 19
6 15
7 2178042
8 2204684
9 18
10 13
11 2242553
12 7
13 2669104
14 2743643
15 7
16 17892828
17 15
18 18
19 18042498
20 11
21 19852029
22 20029439
23 9
24 13
25 16400085
26 16351525
27 8
28 17098982
29 4
30 6
31 17152287
32 4659527
33 60
34 61
35 4889740
36 34
37 5134880
38 5404383
39 25
40 41
41 7294810
42 7567421
43 33
44 7868149
45 32
46 28
47 8195257
48 12
49 6958951
50 6775977
51 16
52 6415086
53 7
54 9
55 6246360
56 5883042
57 20
58 11
59 5763711
60 9
61 5836151
62 5746721
63 3
64 14680294
65 21
66 32
67 14441205
68 12
69 13043179
70 12813472
71 7
72 12
73 8863984
74 8711693
75 13
76 8164151
77 5
78 7
79 8021325
80 13
81 3641331
82 3583890
83 9
84 3583798
85 3
86 3
87 3530311
88 3602236
89 5
90 5
91 3548180
92 3
93 3410413
94 3361240
95 1
96 38
97 5140883
98 5118816
99 34
100 4821663
101 17
102 18
103 4806767
104 3421793
105 22
106 13
107 3403854
108 16
109 3293227
110 3275755
111 8
112 1619528
113 13
114 9
115 1600096
116 11
117 1640621
118 1612843
119 11
120 6
121 1535841
122 1520234
123 9
124 1562590
125 7
126 3
127 1544651
128 23414644
129 20
130 17
131 21241480
132 0
133 16924957
134 14458628
135 7
136 9
137 8839426
138 7013854
139 7
140 7099279
141 2
142 3
143 4930020
144 3
145 1069732
146 1007448
147 2
148 891823
149 0
150 0
151 798254
152 593542
153 0
154 1
155 530787
156 0
157 666036
158 562183
159 0
160 9
161 121573
162 113159
163 8
164 156764
165 3
166 1
167 145719
168 155874
169 2
170 0
171 165116
172 0
173 168503
174 170758
175 0
176 270973
177 1
178 0
179 245861
180 1
181 239462
182 206597
183 2
184 0
185 116539
186 113961
187 0
188 124362
189 1
190 0
191 110899
192 0
193 86860
194 89234
195 0
196 66374
197 0
198 0
199 65433
200 39347
201 0
202 0
203 37209
204 0
205 43083
206 37224
207 0
208 26095
209 0
210 0
211 21720
212 0
213 19822
214 14085
215 0
216 0
217 9328
218 6977
219 0
220 6227
221 0
222 0
223 3968
224 908
225 0
226 0
227 828
228 0
229 872
230 746
231 0
232 0
233 584
234 577
235 0
236 514
237 0
238 0
239 470
240 0
241 306
242 235
243 0
244 229
245 0
246 0
247 164
248 107
249 0
250 0
251 93
252 0
253 77
254 59
255 0
256 122
