0 9
1 381
2 419
3 20
4 469
5 19
6 15
7 463
8 615
9 18
10 13
11 550
12 7
13 656
14 572
15 7
16 2038
17 15
18 18
19 2095
20 11
21 2316
22 2238
23 9
24 13
25 1844
26 1816
27 8
28 1860
29 4
30 6
31 1918
32 577
33 60
34 61
35 624
36 34
37 669
38 651
39 25
40 41
41 784
42 865
43 33
44 844
45 32
46 28
47 864
48 12
49 723
50 741
51 16
52 672
53 7
54 9
55 689
56 583
57 20
58 11
59 580
60 9
61 602
62 617
63 3
64 1789
65 21
66 32
67 1642
68 12
69 1607
70 1493
71 7
72 12
73 1149
74 1122
75 13
76 1086
77 5
78 7
79 1021
80 13
81 563
82 554
83 9
84 546
85 3
86 3
87 541
88 578
89 5
90 5
91 514
92 3
93 492
94 490
95 1
96 38
97 484
98 485
99 34
100 453
101 17
102 17
103 489
104 359
105 22
106 13
107 382
108 16
109 322
110 368
111 8
112 197
113 13
114 9
115 189
116 10
117 227
118 182
119 11
120 6
121 173
122 158
123 9
124 163
125 7
126 3
127 156
128 2613
129 20
130 17
131 2267
132 0
133 1908
134 1589
135 7
136 9
137 958
138 816
139 7
140 813
141 2
142 3
143 615
144 3
145 177
146 146
147 2
148 154
149 0
150 0
151 132
152 109
153 0
154 1
155 108
156 0
157 121
158 103
159 0
160 9
161 27
162 30
163 8
164 38
165 3
166 1
167 29
168 19
169 2
170 0
171 29
172 0
173 25
174 32
175 0
176 35
177 1
178 0
179 25
180 1
181 39
182 38
183 2
184 0
185 11
186 15
187 0
188 17
189 1
190 0
191 21
192 0
193 21
194 21
195 0
196 10
197 0
198 0
199 5
200 4
201 0
202 0
203 4
204 0
205 4
206 7
207 0
208 5
209 0
210 0
211 2
212 0
213 1
214 1
215 0
216 0
217 1
218 3
219 0
220 1
221 0
222 0
223 1
224 0
225 0
226 0
227 0
228 0
229 0
230 0
231 0
232 0
233 0
234 0
235 0
236 0
237 0
238 0
239 0
240 0
241 0
242 0
243 0
244 0
245 0
246 0
247 0
248 0
249 0
250 0
251 0
252 0
253 0
254 0
255 0
256 1
