0 9
1 190526
2 194509
3 20
4 263671
5 19
6 15
7 270271
8 275050
9 18
10 13
11 279753
12 7
13 332696
14 342108
15 7
16 2236660
17 15
18 18
19 2256333
20 11
21 2480613
22 2503227
23 9
24 13
25 2049106
26 2041969
27 8
28 2134698
29 4
30 6
31 2143797
32 584544
33 60
34 61
35 612083
36 34
37 642596
38 676671
39 25
40 41
41 915357
42 947084
43 33
44 985375
45 32
46 28
47 1025555
48 12
49 869285
50 846495
51 16
52 801157
53 7
54 9
55 781157
56 734153
57 20
58 11
59 719745
60 9
61 726788
62 718149
63 3
64 1833651
65 21
66 32
67 1804973
68 12
69 1628865
70 1602378
71 7
72 12
73 1108051
74 1087493
75 13
76 1020952
77 5
78 7
79 1003053
80 13
81 456279
82 450176
83 9
84 449519
85 3
86 3
87 442043
88 450538
89 5
90 5
91 444099
92 3
93 427496
94 421015
95 1
96 38
97 644020
98 640572
99 34
100 601971
101 17
102 18
103 601607
104 426558
105 22
106 13
107 425368
108 16
109 411319
110 409072
111 8
112 202496
113 13
114 9
115 200721
116 11
117 205222
118 202295
119 11
120 6
121 191945
122 189381
123 9
124 194990
125 7
126 3
127 193187
128 2925658
129 20
130 17
131 2655927
132 0
133 2115222
134 1809242
135 7
136 9
137 1104318
138 876547
139 7
140 886990
141 2
142 3
143 616269
144 3
145 133438
146 125466
147 2
148 111465
149 0
150 0
151 99567
152 74288
153 0
154 1
155 66236
156 0
157 83218
158 70402
159 0
160 9
161 15128
162 14020
163 8
164 19842
165 3
166 1
167 18255
168 19136
169 2
170 0
171 20365
172 0
173 21056
174 20983
175 0
176 33793
177 1
178 0
179 30670
180 1
181 29835
182 26248
183 2
184 0
185 14568
186 14415
187 0
188 15831
189 1
190 0
191 13973
192 0
193 10897
194 11163
195 0
196 8395
197 0
198 0
199 8185
200 5018
201 0
202 0
203 4730
204 0
205 5486
206 4648
207 0
208 3346
209 0
210 0
211 2750
212 0
213 2418
214 1740
215 0
216 0
217 1132
218 844
219 0
220 803
221 0
222 0
223 478
224 125
225 0
226 0
227 99
228 0
229 115
230 91
231 0
232 0
233 83
234 72
235 0
236 76
237 0
238 0
239 64
240 0
241 33
242 29
243 0
244 29
245 0
246 0
247 20
248 14
249 0
250 0
251 10
252 0
253 9
254 12
255 0
256 15
