0 9
1 195430040
2 199979322
3 20
4 271269519
5 19
6 15
7 279341802
8 282724408
9 18
10 13
11 287133678
12 7
13 342102874
14 351455070
15 7
16 2290600676
17 15
18 18
19 2309664888
20 11
21 2540086172
22 2562828663
23 9
24 13
25 2098914421
26 2093444917
27 8
28 2188318486
29 4
30 6
31 2195296325
32 597875467
33 60
34 61
35 626832809
36 34
37 658853775
38 693260284
39 25
40 41
41 935060686
42 970030739
43 33
44 1008689715
45 32
46 28
47 1051178889
48 12
49 890527775
50 866912396
51 16
52 820934853
53 7
54 9
55 799241670
56 752185736
57 20
58 11
59 736782588
60 9
61 746405065
62 735342692
63 3
64 1877562665
65 21
66 32
67 1846005973
68 12
69 1667845700
70 1639120763
71 7
72 12
73 1133629042
74 1114488342
75 13
76 1044836847
77 5
78 7
79 1026368751
80 13
81 466861059
82 459698740
83 9
84 459212009
85 3
86 3
87 452420923
88 461596500
89 5
90 5
91 454697344
92 3
93 437153196
94 430889094
95 1
96 38
97 658614112
98 655753895
99 34
100 617544590
101 17
102 18
103 615678910
104 438229844
105 22
106 13
107 435644632
108 16
109 421503497
110 419377074
111 8
112 207626278
113 13
114 9
115 204763838
116 11
117 209839104
118 206690575
119 11
120 6
121 196856859
122 194779569
123 9
124 200243216
125 7
126 3
127 197814418
128 2996065641
129 20
130 17
131 2718626267
132 0
133 2165425248
134 1850015339
135 7
136 9
137 1130772178
138 896649041
139 7
140 907161219
141 2
142 3
143 630046948
144 3
145 136579045
146 128760349
147 2
148 114085406
149 0
150 0
151 101962314
152 75952551
153 0
154 1
155 67823245
156 0
157 85091320
158 71842505
159 0
160 9
161 15524626
162 14531088
163 8
164 19978190
165 3
166 1
167 18719078
168 20065052
169 2
170 0
171 21222064
172 0
173 21563654
174 21837086
175 0
176 34797978
177 1
178 0
179 31562307
180 1
181 30563389
182 26390636
183 2
184 0
185 14920090
186 14510114
187 0
188 15883864
189 1
190 0
191 14177858
192 0
193 11215687
194 11383052
195 0
196 8518617
197 0
198 0
199 8380110
200 5048671
201 0
202 0
203 4753353
204 0
205 5501223
206 4800450
207 0
208 3334704
209 0
210 0
211 2776092
212 0
213 2510654
214 1823429
215 0
216 0
217 1192767
218 892378
219 0
220 799909
221 0
222 0
223 502556
224 117469
225 0
226 0
227 106999
228 0
229 107314
230 93843
231 0
232 0
233 80148
234 72369
235 0
236 65629
237 0
238 0
239 58279
240 0
241 38723
242 30949
243 0
244 29254
245 0
246 0
247 21927
248 14662
249 0
250 0
251 11206
252 0
253 9219
254 7101
255 0
256 17466
