0 9
1 126
2 163
3 20
4 167
5 19
6 15
7 148
8 253
9 18
10 13
11 212
12 7
13 229
14 182
15 7
16 327
17 15
18 18
19 301
20 11
21 374
22 298
23 9
24 13
25 198
26 171
27 8
28 187
29 4
30 6
31 203
32 121
33 59
34 59
35 110
36 32
37 95
38 77
39 25
40 41
41 82
42 66
43 33
44 80
45 31
46 27
47 54
48 12
49 51
50 82
51 15
52 63
53 6
54 9
55 62
56 45
57 19
58 11
59 44
60 8
61 53
62 56
63 3
64 156
65 21
66 32
67 137
68 12
69 114
70 119
71 7
72 12
73 115
74 125
75 13
76 97
77 5
78 7
79 97
80 12
81 99
82 119
83 9
84 92
85 3
86 3
87 86
88 111
89 5
90 5
91 88
92 3
93 65
94 54
95 1
96 34
97 35
98 34
99 31
100 26
101 16
102 15
103 36
104 30
105 18
106 10
107 23
108 14
109 13
110 26
111 6
112 12
113 11
114 9
115 19
116 10
117 16
118 17
119 11
120 5
121 7
122 11
123 7
124 4
125 7
126 1
127 7
128 122
129 20
130 17
131 78
132 0
133 61
134 60
135 7
136 9
137 37
138 24
139 7
140 31
141 2
142 3
143 21
144 2
145 18
146 6
147 2
148 14
149 0
150 0
151 6
152 8
153 0
154 0
155 6
156 0
157 6
158 5
159 0
160 4
161 2
162 2
163 1
164 1
165 0
166 0
167 1
168 0
169 0
170 0
171 1
172 0
173 0
174 1
