0 9
1 23906
2 24247
3 20
4 33180
5 19
6 15
7 33620
8 34518
9 18
10 13
11 34972
12 7
13 41889
14 42571
15 7
16 280233
17 15
18 18
19 284167
20 11
21 311498
22 313818
23 9
24 13
25 257656
26 255510
27 8
28 268705
29 4
30 6
31 269507
32 72357
33 60
34 61
35 75926
36 34
37 80290
38 84179
39 25
40 41
41 114024
42 118308
43 33
44 123719
45 32
46 28
47 129223
48 12
49 108011
50 105212
51 16
52 99708
53 7
54 9
55 97144
56 91918
57 20
58 11
59 89543
60 9
61 90293
62 89145
63 3
64 228514
65 21
66 32
67 224354
68 12
69 203360
70 199891
71 7
72 12
73 137958
74 135928
75 13
76 126879
77 5
78 7
79 124892
80 13
81 56570
82 55426
83 9
84 56369
85 3
86 3
87 55310
88 56364
89 5
90 5
91 55427
92 3
93 53375
94 52399
95 1
96 38
97 80232
98 80106
99 34
100 74742
101 17
102 18
103 75262
104 53426
105 22
106 13
107 53366
108 16
109 51264
110 51383
111 8
112 25331
113 13
114 9
115 25184
116 11
117 25692
118 25109
119 11
120 6
121 24025
122 23522
123 9
124 24238
125 7
126 3
127 24026
128 366036
129 20
130 17
131 333362
132 0
133 263239
134 226007
135 7
136 9
137 138075
138 110741
139 7
140 110213
141 2
142 3
143 76828
144 3
145 16618
146 15385
147 2
148 13888
149 0
150 0
151 12422
152 9176
153 0
154 1
155 8237
156 0
157 10383
158 8566
159 0
160 9
161 1779
162 1666
163 8
164 2402
165 3
166 1
167 2258
168 2335
169 2
170 0
171 2507
172 0
173 2646
174 2576
175 0
176 4129
177 1
178 0
179 3810
180 1
181 3738
182 3265
183 2
184 0
185 1720
186 1852
187 0
188 1945
189 1
190 0
191 1690
192 0
193 1376
194 1446
195 0
196 1073
197 0
198 0
199 1019
200 609
201 0
202 0
203 612
204 0
205 663
206 553
207 0
208 397
209 0
210 0
211 349
212 0
213 272
214 230
215 0
216 0
217 153
218 104
219 0
220 97
221 0
222 0
223 61
224 6
225 0
226 0
227 7
228 0
229 12
230 8
231 0
232 0
233 13
234 7
235 0
236 11
237 0
238 0
239 9
240 0
241 3
242 4
243 0
244 6
245 0
246 0
247 3
248 5
249 0
250 0
251 3
252 0
253 1
254 1
255 0
256 2
