0 9
1 24419323
2 24984098
3 20
4 33904607
5 19
6 15
7 34913839
8 35336205
9 18
10 13
11 35884456
12 7
13 42754815
14 43933405
15 7
16 286362130
17 15
18 18
19 288716526
20 11
21 317571467
22 320412967
23 9
24 13
25 262373749
26 261657437
27 8
28 273556121
29 4
30 6
31 274443376
32 74664276
33 60
34 61
35 78275381
36 34
37 82278612
38 86575970
39 25
40 41
41 116813836
42 121181982
43 33
44 126011987
45 32
46 28
47 131327224
48 12
49 111357554
50 108404577
51 16
52 102643302
53 7
54 9
55 99945636
56 94061452
57 20
58 11
59 92120988
60 9
61 93313954
62 91953467
63 3
64 234758904
65 21
66 32
67 230813747
68 12
69 208530116
70 204936059
71 7
72 12
73 141705463
74 139325802
75 13
76 130621856
77 5
78 7
79 128310566
80 13
81 58296848
82 57409642
83 9
84 57359977
85 3
86 3
87 56495339
88 57679060
89 5
90 5
91 56789994
92 3
93 54598021
94 53822280
95 1
96 38
97 82297888
98 81959375
99 34
100 77187534
101 17
102 18
103 76954747
104 54776328
105 22
106 13
107 54448289
108 16
109 52682925
110 52415735
111 8
112 25946747
113 13
114 9
115 25594187
116 11
117 26229977
118 25823648
119 11
120 6
121 24606017
122 24341854
123 9
124 25028250
125 7
126 3
127 24719661
128 374583483
129 20
130 17
131 339913663
132 0
133 270731471
134 231290955
135 7
136 9
137 141382667
138 112135089
139 7
140 113420391
141 2
142 3
143 78784040
144 3
145 17069714
146 16092293
147 2
148 14255086
149 0
150 0
151 12741696
152 9496445
153 0
154 1
155 8480705
156 0
157 10639980
158 8981728
159 0
160 9
161 1940911
162 1818117
163 8
164 2496226
165 3
166 1
167 2340350
168 2505963
169 2
170 0
171 2654035
172 0
173 2693522
174 2730528
175 0
176 4348865
177 1
178 0
179 3943371
180 1
181 3818623
182 3298694
183 2
184 0
185 1863353
186 1815006
187 0
188 1985508
189 1
190 0
191 1770871
192 0
193 1403039
194 1424925
195 0
196 1065399
197 0
198 0
199 1045926
200 631094
201 0
202 0
203 595053
204 0
205 686387
206 598457
207 0
208 416637
209 0
210 0
211 347324
212 0
213 313124
214 227796
215 0
216 0
217 149030
218 111272
219 0
220 100313
221 0
222 0
223 62603
224 14734
225 0
226 0
227 13216
228 0
229 13597
230 11762
231 0
232 0
233 10006
234 9000
235 0
236 8146
237 0
238 0
239 7216
240 0
241 4729
242 3983
243 0
244 3707
245 0
246 0
247 2741
248 1839
249 0
250 0
251 1385
252 0
253 1166
254 834
255 0
256 2170
